OBJNUM 6 name  nomult
ATTRIBUTES
  Class Nominal blaLUT
  Length integer 
  Similarity real2 1
DATA
AAU10324.1|blaLUT-1|2e  blaLUT 296
ACN76562.1|blaLUT-2     blaLUT 296
ACN76563.1|blaLUT-3     blaLUT 296
ACN76564.1|blaLUT-4     blaLUT 296
ACN76565.1|blaLUT-5     blaLUT 296
ACN76566.1|blaLUT-6     blaLUT 296
Similarity
1505.0 1497.0 1495.0 1496.0 1489.0 1485.0
1497.0 1507.0 1487.0 1488.0 1481.0 1477.0
1495.0 1487.0 1505.0 1494.0 1487.0 1483.0
1496.0 1488.0 1494.0 1503.0 1488.0 1492.0
1489.0 1481.0 1487.0 1488.0 1505.0 1487.0
1485.0 1477.0 1483.0 1492.0 1487.0 1501.0
