-logL = 0.0713627
P(Correct) = 0.931124
Target_score_min = -17.0763
Other_score_max  = 2.5034
------------------------------
beta: value
unit_num: -3.31915
complete_num: 3.111
markers_prod_num: -0.0704255
L50_num: 0.00254601
n50_num: 2.74567e-07
contigs_num: -0.0705411
typestrain_num: 1.53267
model_num: 16.1227
community_num: 16.4752
pubmeds_num: 0.024731
clusters_num: 0.000599146
core_clusters_num: -0.00140447

beta: importance
unit_num: nan
complete_num: 0.12533
markers_prod_num: 0.00155194
L50_num: 0.000153066
n50_num: 0.0393563
contigs_num: 0.0231418
typestrain_num: 0.0800964
model_num: 0.0233409
community_num: 0.027145
pubmeds_num: 0.00063913
clusters_num: 0.00233726
core_clusters_num: 0.00625322

Control:
-logL = 0.170688
P(Correct) = 0.843085
Target_score_min = inf
Other_score_max  = -inf
------------------------------
beta: value
unit: -3.15572
