Cluster	Mean	Var	P
1	44.193014	100.000000	0.025975
2	66.155331	122.632899	0.027400
3	169.946123	2060.673221	0.113168
4	218.074920	307.221944	0.186954
5	282.209048	100.000000	0.138931
6	365.268031	789.351219	0.021502
7	440.444349	100.000000	0.021045
8	465.766618	100.000000	0.465025

OBJNUM 592 name  nomult
ATTRIBUTES
  Cluster1 Probability 2
  Cluster2 Probability 2
  Cluster3 Probability 2
  Cluster4 Probability 2
  Cluster5 Probability 2
  Cluster6 Probability 2
  Cluster7 Probability 2
  Cluster8 Probability 2
  Cluster Nominal C1 C2 C3 C4 C5 C6 C7 C8
DATA
*975902347    0.00e+00 4.94e-324 1.17e-11 1.27e-50  8.58e-89 1.19e-05  1.99e-05  1.00e+00 C8
*727340502    0.00e+00 1.31e-320 1.12e-11 7.22e-50  8.44e-87 1.13e-05  3.73e-05  1.00e+00 C8
488100621     0.00e+00 1.40e-319 1.12e-11 1.18e-49  3.05e-86 1.12e-05  4.45e-05  1.00e+00 C8
*1020026630   0.00e+00 1.50e-318 1.12e-11 1.94e-49  1.10e-85 1.12e-05  5.31e-05  1.00e+00 C8
447118418     0.00e+00 1.23e-316 1.15e-11 4.93e-49  1.20e-84 1.14e-05  7.38e-05  1.00e+00 C8
446360419     0.00e+00 1.73e-316 1.15e-11 5.30e-49  1.44e-84 1.14e-05  7.57e-05  1.00e+00 C8
488038588     0.00e+00 2.43e-316 1.15e-11 5.69e-49  1.73e-84 1.14e-05  7.76e-05  1.00e+00 C8
487943513     0.00e+00 3.41e-316 1.15e-11 6.12e-49  2.08e-84 1.14e-05  7.96e-05  1.00e+00 C8
488129245     0.00e+00 3.41e-316 1.15e-11 6.12e-49  2.08e-84 1.14e-05  7.96e-05  1.00e+00 C8
446600465     0.00e+00 9.44e-316 1.16e-11 7.60e-49  3.61e-84 1.15e-05  8.59e-05  1.00e+00 C8
487909889     0.00e+00 1.32e-315 1.17e-11 8.17e-49  4.33e-84 1.15e-05  8.80e-05  1.00e+00 C8
487924042     0.00e+00 1.86e-315 1.17e-11 8.79e-49  5.21e-84 1.15e-05  9.03e-05  1.00e+00 C8
488092250     0.00e+00 1.86e-315 1.17e-11 8.79e-49  5.21e-84 1.15e-05  9.03e-05  1.00e+00 C8
*727209181    0.00e+00 2.61e-315 1.17e-11 9.45e-49  6.26e-84 1.16e-05  9.26e-05  1.00e+00 C8
446360418     0.00e+00 5.14e-315 1.18e-11 1.09e-48  9.03e-84 1.16e-05  9.74e-05  1.00e+00 C8
446713974     0.00e+00 7.22e-315 1.18e-11 1.18e-48  1.09e-83 1.16e-05  9.99e-05  1.00e+00 C8
489383775     0.00e+00 7.22e-315 1.18e-11 1.18e-48  1.09e-83 1.16e-05  9.99e-05  1.00e+00 C8
*1039343150   0.00e+00 7.22e-315 1.18e-11 1.18e-48  1.09e-83 1.16e-05  9.99e-05  1.00e+00 C8
446360420     0.00e+00 1.42e-314 1.19e-11 1.36e-48  1.57e-83 1.17e-05  1.05e-04  1.00e+00 C8
*657607101    0.00e+00 1.42e-314 1.19e-11 1.36e-48  1.57e-83 1.17e-05  1.05e-04  1.00e+00 C8
488024237     0.00e+00 1.42e-314 1.19e-11 1.36e-48  1.57e-83 1.17e-05  1.05e-04  1.00e+00 C8
488096958     0.00e+00 2.00e-314 1.20e-11 1.46e-48  1.88e-83 1.17e-05  1.08e-04  1.00e+00 C8
488076476     0.00e+00 2.81e-314 1.20e-11 1.57e-48  2.26e-83 1.18e-05  1.11e-04  1.00e+00 C8
488118248     0.00e+00 3.94e-314 1.20e-11 1.69e-48  2.72e-83 1.18e-05  1.13e-04  1.00e+00 C8
489281675     0.00e+00 7.77e-314 1.21e-11 1.96e-48  3.92e-83 1.19e-05  1.19e-04  1.00e+00 C8
*488025952    0.00e+00 7.77e-314 1.21e-11 1.96e-48  3.92e-83 1.19e-05  1.19e-04  1.00e+00 C8
488025952     0.00e+00 7.77e-314 1.21e-11 1.96e-48  3.92e-83 1.19e-05  1.19e-04  1.00e+00 C8
487993351     0.00e+00 3.02e-313 1.23e-11 2.63e-48  8.17e-83 1.20e-05  1.32e-04  1.00e+00 C8
488064964     0.00e+00 8.36e-313 1.25e-11 3.28e-48  1.42e-82 1.22e-05  1.42e-04  1.00e+00 C8
488090362     0.00e+00 2.31e-312 1.27e-11 4.10e-48  2.46e-82 1.23e-05  1.53e-04  1.00e+00 C8
488124801     0.00e+00 2.31e-312 1.27e-11 4.10e-48  2.46e-82 1.23e-05  1.53e-04  1.00e+00 C8
488093141     0.00e+00 4.56e-312 1.28e-11 4.75e-48  3.55e-82 1.24e-05  1.61e-04  1.00e+00 C8
487952367     0.00e+00 4.56e-312 1.28e-11 4.75e-48  3.55e-82 1.24e-05  1.61e-04  1.00e+00 C8
488126570     0.00e+00 6.41e-312 1.29e-11 5.12e-48  4.26e-82 1.25e-05  1.65e-04  1.00e+00 C8
488112193     0.00e+00 6.41e-312 1.29e-11 5.12e-48  4.26e-82 1.25e-05  1.65e-04  1.00e+00 C8
446713973     0.00e+00 6.41e-312 1.29e-11 5.12e-48  4.26e-82 1.25e-05  1.65e-04  1.00e+00 C8
*750448795    0.00e+00 6.41e-312 1.29e-11 5.12e-48  4.26e-82 1.25e-05  1.65e-04  1.00e+00 C8
446600389     0.00e+00 9.00e-312 1.29e-11 5.51e-48  5.12e-82 1.25e-05  1.70e-04  1.00e+00 C8
487968102     0.00e+00 2.49e-311 1.32e-11 6.89e-48  8.89e-82 1.27e-05  1.83e-04  1.00e+00 C8
488070422     0.00e+00 2.49e-311 1.32e-11 6.89e-48  8.89e-82 1.27e-05  1.83e-04  1.00e+00 C8
*950167395    0.00e+00 2.49e-311 1.32e-11 6.89e-48  8.89e-82 1.27e-05  1.83e-04  1.00e+00 C8
487950620     0.00e+00 3.50e-311 1.32e-11 7.42e-48  1.07e-81 1.27e-05  1.88e-04  1.00e+00 C8
446600466     0.00e+00 3.50e-311 1.32e-11 7.42e-48  1.07e-81 1.27e-05  1.88e-04  1.00e+00 C8
*1005591198   0.00e+00 4.92e-311 1.33e-11 8.00e-48  1.28e-81 1.28e-05  1.93e-04  1.00e+00 C8
487905634     0.00e+00 4.92e-311 1.33e-11 8.00e-48  1.28e-81 1.28e-05  1.93e-04  1.00e+00 C8
488056068     0.00e+00 6.91e-311 1.34e-11 8.62e-48  1.54e-81 1.29e-05  1.97e-04  1.00e+00 C8
487958814     0.00e+00 6.91e-311 1.34e-11 8.62e-48  1.54e-81 1.29e-05  1.97e-04  1.00e+00 C8
*727198278    0.00e+00 6.91e-311 1.34e-11 8.62e-48  1.54e-81 1.29e-05  1.97e-04  1.00e+00 C8
488106689     0.00e+00 6.91e-311 1.34e-11 8.62e-48  1.54e-81 1.29e-05  1.97e-04  1.00e+00 C8
*446600464    0.00e+00 6.91e-311 1.34e-11 8.62e-48  1.54e-81 1.29e-05  1.97e-04  1.00e+00 C8
446600464     0.00e+00 6.91e-311 1.34e-11 8.62e-48  1.54e-81 1.29e-05  1.97e-04  1.00e+00 C8
487947943     0.00e+00 9.70e-311 1.35e-11 9.29e-48  1.85e-81 1.29e-05  2.03e-04  1.00e+00 C8
490540128     0.00e+00 9.70e-311 1.35e-11 9.29e-48  1.85e-81 1.29e-05  2.03e-04  1.00e+00 C8
*1002586184   0.00e+00 1.36e-310 1.35e-11 1.00e-47  2.22e-81 1.30e-05  2.08e-04  1.00e+00 C8
488098842     0.00e+00 1.91e-310 1.36e-11 1.08e-47  2.67e-81 1.31e-05  2.13e-04  1.00e+00 C8
*1005563084   0.00e+00 2.69e-310 1.37e-11 1.16e-47  3.21e-81 1.31e-05  2.18e-04  1.00e+00 C8
489371508     0.00e+00 2.69e-310 1.37e-11 1.16e-47  3.21e-81 1.31e-05  2.18e-04  1.00e+00 C8
489249396     0.00e+00 5.30e-310 1.39e-11 1.35e-47  4.64e-81 1.33e-05  2.30e-04  1.00e+00 C8
488125305     0.00e+00 5.30e-310 1.39e-11 1.35e-47  4.64e-81 1.33e-05  2.30e-04  1.00e+00 C8
487989090     0.00e+00 5.30e-310 1.39e-11 1.35e-47  4.64e-81 1.33e-05  2.30e-04  1.00e+00 C8
*1012762293   0.00e+00 5.30e-310 1.39e-11 1.35e-47  4.64e-81 1.33e-05  2.30e-04  1.00e+00 C8
488081488     0.00e+00 7.45e-310 1.40e-11 1.46e-47  5.57e-81 1.33e-05  2.36e-04  1.00e+00 C8
489363705     0.00e+00 1.05e-309 1.41e-11 1.57e-47  6.69e-81 1.34e-05  2.42e-04  1.00e+00 C8
446600468     0.00e+00 1.47e-309 1.42e-11 1.69e-47  8.04e-81 1.35e-05  2.48e-04  1.00e+00 C8
489391012     0.00e+00 1.47e-309 1.42e-11 1.69e-47  8.04e-81 1.35e-05  2.48e-04  1.00e+00 C8
487963123     0.00e+00 1.47e-309 1.42e-11 1.69e-47  8.04e-81 1.35e-05  2.48e-04  1.00e+00 C8
489394792     0.00e+00 1.47e-309 1.42e-11 1.69e-47  8.04e-81 1.35e-05  2.48e-04  1.00e+00 C8
446973488     0.00e+00 2.06e-309 1.43e-11 1.82e-47  9.66e-81 1.36e-05  2.54e-04  1.00e+00 C8
488022351     0.00e+00 2.06e-309 1.43e-11 1.82e-47  9.66e-81 1.36e-05  2.54e-04  1.00e+00 C8
488014080     0.00e+00 2.90e-309 1.44e-11 1.97e-47  1.16e-80 1.36e-05  2.61e-04  1.00e+00 C8
489263466     0.00e+00 2.90e-309 1.44e-11 1.97e-47  1.16e-80 1.36e-05  2.61e-04  1.00e+00 C8
489359882     0.00e+00 2.90e-309 1.44e-11 1.97e-47  1.16e-80 1.36e-05  2.61e-04  1.00e+00 C8
488011358     0.00e+00 4.07e-309 1.45e-11 2.12e-47  1.39e-80 1.37e-05  2.67e-04  1.00e+00 C8
*487965580    0.00e+00 5.72e-309 1.46e-11 2.29e-47  1.68e-80 1.38e-05  2.74e-04  1.00e+00 C8
487965580     0.00e+00 5.72e-309 1.46e-11 2.29e-47  1.68e-80 1.38e-05  2.74e-04  1.00e+00 C8
446600388     0.00e+00 5.72e-309 1.46e-11 2.29e-47  1.68e-80 1.38e-05  2.74e-04  1.00e+00 C8
487999893     0.00e+00 1.13e-308 1.48e-11 2.66e-47  2.42e-80 1.40e-05  2.88e-04  1.00e+00 C8
488026989     0.00e+00 3.13e-308 1.51e-11 3.34e-47  4.20e-80 1.42e-05  3.11e-04  1.00e+00 C8
446360417     0.00e+00 3.13e-308 1.51e-11 3.34e-47  4.20e-80 1.42e-05  3.11e-04  1.00e+00 C8
*860240579    0.00e+00 3.13e-308 1.51e-11 3.34e-47  4.20e-80 1.42e-05  3.11e-04  1.00e+00 C8
487913946     0.00e+00 3.13e-308 1.51e-11 3.34e-47  4.20e-80 1.42e-05  3.11e-04  1.00e+00 C8
487931637     0.00e+00 3.13e-308 1.51e-11 3.34e-47  4.20e-80 1.42e-05  3.11e-04  1.00e+00 C8
489400692     0.00e+00 4.40e-308 1.52e-11 3.61e-47  5.04e-80 1.43e-05  3.19e-04  1.00e+00 C8
488085005     0.00e+00 4.40e-308 1.52e-11 3.61e-47  5.04e-80 1.43e-05  3.19e-04  1.00e+00 C8
489398540     0.00e+00 6.18e-308 1.53e-11 3.89e-47  6.06e-80 1.44e-05  3.27e-04  1.00e+00 C8
488048117     0.00e+00 1.71e-307 1.57e-11 4.89e-47  1.05e-79 1.47e-05  3.53e-04  1.00e+00 C8
*651596534    0.00e+00 1.71e-307 1.57e-11 4.89e-47  1.05e-79 1.47e-05  3.53e-04  1.00e+00 C8
487934230     0.00e+00 2.41e-307 1.58e-11 5.28e-47  1.26e-79 1.48e-05  3.62e-04  1.00e+00 C8
*446835183    0.00e+00 3.38e-307 1.60e-11 5.69e-47  1.52e-79 1.49e-05  3.71e-04  1.00e+00 C8
446835183     0.00e+00 3.38e-307 1.60e-11 5.69e-47  1.52e-79 1.49e-05  3.71e-04  1.00e+00 C8
488092628     0.00e+00 3.38e-307 1.60e-11 5.69e-47  1.52e-79 1.49e-05  3.71e-04  1.00e+00 C8
446360415     0.00e+00 4.75e-307 1.61e-11 6.15e-47  1.82e-79 1.50e-05  3.81e-04  1.00e+00 C8
446835184     0.00e+00 6.68e-307 1.62e-11 6.63e-47  2.19e-79 1.51e-05  3.90e-04  1.00e+00 C8
446973487     0.00e+00 6.68e-307 1.62e-11 6.63e-47  2.19e-79 1.51e-05  3.90e-04  1.00e+00 C8
487920835     0.00e+00 6.68e-307 1.62e-11 6.63e-47  2.19e-79 1.51e-05  3.90e-04  1.00e+00 C8
446360414     0.00e+00 9.38e-307 1.64e-11 7.16e-47  2.63e-79 1.53e-05  4.00e-04  1.00e+00 C8
488031719     0.00e+00 1.32e-306 1.65e-11 7.73e-47  3.16e-79 1.54e-05  4.11e-04  1.00e+00 C8
488085822     0.00e+00 1.32e-306 1.65e-11 7.73e-47  3.16e-79 1.54e-05  4.11e-04  1.00e+00 C8
*727204027    0.00e+00 2.60e-306 1.68e-11 9.01e-47  4.56e-79 1.56e-05  4.32e-04  1.00e+00 C8
488022623     0.00e+00 2.60e-306 1.68e-11 9.01e-47  4.56e-79 1.56e-05  4.32e-04  1.00e+00 C8
487980169     0.00e+00 2.60e-306 1.68e-11 9.01e-47  4.56e-79 1.56e-05  4.32e-04  1.00e+00 C8
489387527     0.00e+00 2.60e-306 1.68e-11 9.01e-47  4.56e-79 1.56e-05  4.32e-04  1.00e+00 C8
487944982     0.00e+00 2.60e-306 1.68e-11 9.01e-47  4.56e-79 1.56e-05  4.32e-04  1.00e+00 C8
*1005569798   0.00e+00 5.14e-306 1.71e-11 1.05e-46  6.59e-79 1.58e-05  4.54e-04  1.00e+00 C8
487928224     0.00e+00 5.14e-306 1.71e-11 1.05e-46  6.59e-79 1.58e-05  4.54e-04  1.00e+00 C8
487929340     0.00e+00 5.14e-306 1.71e-11 1.05e-46  6.59e-79 1.58e-05  4.54e-04  1.00e+00 C8
487970519     0.00e+00 1.43e-305 1.76e-11 1.32e-46  1.14e-78 1.62e-05  4.90e-04  9.99e-01 C8
*1033164563   0.00e+00 3.95e-305 1.81e-11 1.67e-46  1.98e-78 1.66e-05  5.28e-04  9.99e-01 C8
*983475161    0.00e+00 5.56e-305 1.82e-11 1.80e-46  2.38e-78 1.68e-05  5.42e-04  9.99e-01 C8
*917350690    0.00e+00 3.05e-304 1.92e-11 2.66e-46  5.96e-78 1.75e-05  6.15e-04  9.99e-01 C8
446600467     0.00e+00 3.05e-304 1.92e-11 2.66e-46  5.96e-78 1.75e-05  6.15e-04  9.99e-01 C8
446713972     0.00e+00 3.05e-304 1.92e-11 2.66e-46  5.96e-78 1.75e-05  6.15e-04  9.99e-01 C8
446559128     0.00e+00 4.28e-304 1.94e-11 2.87e-46  7.16e-78 1.77e-05  6.30e-04  9.99e-01 C8
446360416     0.00e+00 2.35e-303 2.04e-11 4.24e-46  1.79e-77 1.85e-05  7.15e-04  9.99e-01 C8
*517597467    0.00e+00 2.35e-303 2.04e-11 4.24e-46  1.79e-77 1.85e-05  7.15e-04  9.99e-01 C8
446559127     0.00e+00 4.64e-303 2.08e-11 4.96e-46  2.59e-77 1.88e-05  7.52e-04  9.99e-01 C8
488029622     0.00e+00 6.52e-303 2.11e-11 5.36e-46  3.11e-77 1.90e-05  7.71e-04  9.99e-01 C8
*873894562    0.00e+00 9.16e-303 2.13e-11 5.80e-46  3.73e-77 1.92e-05  7.91e-04  9.99e-01 C8
446559124     0.00e+00 9.16e-303 2.13e-11 5.80e-46  3.73e-77 1.92e-05  7.91e-04  9.99e-01 C8
489377582     0.00e+00 9.16e-303 2.13e-11 5.80e-46  3.73e-77 1.92e-05  7.91e-04  9.99e-01 C8
446559108     0.00e+00 2.54e-302 2.20e-11 7.34e-46  6.48e-77 1.98e-05  8.53e-04  9.99e-01 C8
488091400     0.00e+00 3.58e-302 2.23e-11 7.94e-46  7.78e-77 2.00e-05  8.75e-04  9.99e-01 C8
*655084842    0.00e+00 3.58e-302 2.23e-11 7.94e-46  7.78e-77 2.00e-05  8.75e-04  9.99e-01 C8
487931919     0.00e+00 3.58e-302 2.23e-11 7.94e-46  7.78e-77 2.00e-05  8.75e-04  9.99e-01 C8
446559112     0.00e+00 9.93e-302 2.31e-11 1.01e-45  1.35e-76 2.06e-05  9.44e-04  9.99e-01 C8
446559110     0.00e+00 1.96e-301 2.36e-11 1.18e-45  1.95e-76 2.10e-05  9.93e-04  9.99e-01 C8
489399419     0.00e+00 2.76e-301 2.39e-11 1.27e-45  2.34e-76 2.12e-05  1.02e-03  9.99e-01 C8
487989466     0.00e+00 2.76e-301 2.39e-11 1.27e-45  2.34e-76 2.12e-05  1.02e-03  9.99e-01 C8
*1000884913   0.00e+00 3.88e-301 2.42e-11 1.38e-45  2.81e-76 2.14e-05  1.04e-03  9.99e-01 C8
446559129     0.00e+00 5.45e-301 2.45e-11 1.49e-45  3.38e-76 2.17e-05  1.07e-03  9.99e-01 C8
446559113     0.00e+00 7.67e-301 2.48e-11 1.62e-45  4.06e-76 2.19e-05  1.10e-03  9.99e-01 C8
*489384170    0.00e+00 1.52e-300 2.54e-11 1.89e-45  5.86e-76 2.24e-05  1.15e-03  9.99e-01 C8
489384170     0.00e+00 1.52e-300 2.54e-11 1.89e-45  5.86e-76 2.24e-05  1.15e-03  9.99e-01 C8
446559130     0.00e+00 3.00e-300 2.61e-11 2.22e-45  8.46e-76 2.29e-05  1.21e-03  9.99e-01 C8
*1000987448   0.00e+00 4.21e-300 2.64e-11 2.40e-45  1.02e-75 2.32e-05  1.25e-03  9.99e-01 C8
446559126     0.00e+00 4.57e-299 2.89e-11 4.20e-45  3.67e-75 2.51e-05  1.49e-03  9.98e-01 C8
446559119     0.00e+00 9.04e-299 2.97e-11 4.93e-45  5.30e-75 2.57e-05  1.56e-03  9.98e-01 C8
446559116     0.00e+00 2.51e-298 3.10e-11 6.28e-45  9.19e-75 2.67e-05  1.69e-03  9.98e-01 C8
446559115     0.00e+00 2.51e-298 3.10e-11 6.28e-45  9.19e-75 2.67e-05  1.69e-03  9.98e-01 C8
489270854     0.00e+00 4.97e-298 3.19e-11 7.37e-45  1.33e-74 2.73e-05  1.77e-03  9.98e-01 C8
*1005281015   0.00e+00 4.97e-298 3.19e-11 7.37e-45  1.33e-74 2.73e-05  1.77e-03  9.98e-01 C8
489377991     0.00e+00 4.97e-298 3.19e-11 7.37e-45  1.33e-74 2.73e-05  1.77e-03  9.98e-01 C8
446559111     0.00e+00 1.38e-297 3.33e-11 9.39e-45  2.30e-74 2.84e-05  1.91e-03  9.98e-01 C8
488125474     0.00e+00 1.38e-297 3.33e-11 9.39e-45  2.30e-74 2.84e-05  1.91e-03  9.98e-01 C8
*916365972    0.00e+00 2.73e-297 3.42e-11 1.10e-44  3.32e-74 2.91e-05  2.01e-03  9.98e-01 C8
446559109     0.00e+00 2.73e-297 3.42e-11 1.10e-44  3.32e-74 2.91e-05  2.01e-03  9.98e-01 C8
*1024915134   0.00e+00 2.12e-296 3.74e-11 1.79e-44  9.99e-74 3.15e-05  2.34e-03  9.98e-01 C8
488056177     0.00e+00 4.18e-296 3.86e-11 2.11e-44  1.44e-73 3.23e-05  2.46e-03  9.98e-01 C8
*504284605    0.00e+00 5.89e-296 3.92e-11 2.29e-44  1.73e-73 3.28e-05  2.52e-03  9.97e-01 C8
489403371     0.00e+00 5.89e-296 3.92e-11 2.29e-44  1.73e-73 3.28e-05  2.52e-03  9.97e-01 C8
489374804     0.00e+00 5.89e-296 3.92e-11 2.29e-44  1.73e-73 3.28e-05  2.52e-03  9.97e-01 C8
488126762     0.00e+00 5.89e-296 3.92e-11 2.29e-44  1.73e-73 3.28e-05  2.52e-03  9.97e-01 C8
489364126     0.00e+00 8.28e-296 3.98e-11 2.49e-44  2.08e-73 3.32e-05  2.59e-03  9.97e-01 C8
*750083112    0.00e+00 8.28e-296 3.98e-11 2.49e-44  2.08e-73 3.32e-05  2.59e-03  9.97e-01 C8
487969303     0.00e+00 8.28e-296 3.98e-11 2.49e-44  2.08e-73 3.32e-05  2.59e-03  9.97e-01 C8
446559120     0.00e+00 1.16e-295 4.04e-11 2.70e-44  2.50e-73 3.37e-05  2.65e-03  9.97e-01 C8
*1011279965   0.00e+00 1.16e-295 4.04e-11 2.70e-44  2.50e-73 3.37e-05  2.65e-03  9.97e-01 C8
446559121     0.00e+00 1.16e-295 4.04e-11 2.70e-44  2.50e-73 3.37e-05  2.65e-03  9.97e-01 C8
446559117     0.00e+00 1.16e-295 4.04e-11 2.70e-44  2.50e-73 3.37e-05  2.65e-03  9.97e-01 C8
446559106     0.00e+00 1.64e-295 4.10e-11 2.93e-44  3.00e-73 3.42e-05  2.72e-03  9.97e-01 C8
446559114     0.00e+00 1.64e-295 4.10e-11 2.93e-44  3.00e-73 3.42e-05  2.72e-03  9.97e-01 C8
489400967     0.00e+00 1.64e-295 4.10e-11 2.93e-44  3.00e-73 3.42e-05  2.72e-03  9.97e-01 C8
446559107     0.00e+00 2.30e-295 4.17e-11 3.17e-44  3.61e-73 3.46e-05  2.79e-03  9.97e-01 C8
446559118     0.00e+00 4.56e-295 4.30e-11 3.74e-44  5.21e-73 3.56e-05  2.93e-03  9.97e-01 C8
446559122     0.00e+00 4.56e-295 4.30e-11 3.74e-44  5.21e-73 3.56e-05  2.93e-03  9.97e-01 C8
489313036     0.00e+00 6.41e-295 4.37e-11 4.06e-44  6.26e-73 3.61e-05  3.01e-03  9.97e-01 C8
489281843     0.00e+00 6.41e-295 4.37e-11 4.06e-44  6.26e-73 3.61e-05  3.01e-03  9.97e-01 C8
*921147137    0.00e+00 1.27e-294 4.52e-11 4.78e-44  9.03e-73 3.72e-05  3.16e-03  9.97e-01 C8
*651522200    0.00e+00 1.27e-294 4.52e-11 4.78e-44  9.03e-73 3.72e-05  3.16e-03  9.97e-01 C8
488129178     0.00e+00 1.78e-294 4.59e-11 5.19e-44  1.09e-72 3.77e-05  3.24e-03  9.97e-01 C8
488065126     0.00e+00 1.78e-294 4.59e-11 5.19e-44  1.09e-72 3.77e-05  3.24e-03  9.97e-01 C8
446559936     0.00e+00 2.51e-294 4.67e-11 5.63e-44  1.30e-72 3.83e-05  3.33e-03  9.97e-01 C8
489334594     0.00e+00 2.51e-294 4.67e-11 5.63e-44  1.30e-72 3.83e-05  3.33e-03  9.97e-01 C8
446559937     0.00e+00 6.98e-294 4.90e-11 7.21e-44  2.26e-72 4.00e-05  3.59e-03  9.96e-01 C8
488096913     0.00e+00 1.94e-293 5.16e-11 9.23e-44  3.92e-72 4.19e-05  3.87e-03  9.96e-01 C8
*1005606132   0.00e+00 2.74e-293 5.25e-11 1.00e-43  4.71e-72 4.25e-05  3.97e-03  9.96e-01 C8
*651996719    0.00e+00 2.74e-293 5.25e-11 1.00e-43  4.71e-72 4.25e-05  3.97e-03  9.96e-01 C8
487958959     0.00e+00 2.74e-293 5.25e-11 1.00e-43  4.71e-72 4.25e-05  3.97e-03  9.96e-01 C8
487993618     0.00e+00 2.74e-293 5.25e-11 1.00e-43  4.71e-72 4.25e-05  3.97e-03  9.96e-01 C8
488070506     0.00e+00 2.74e-293 5.25e-11 1.00e-43  4.71e-72 4.25e-05  3.97e-03  9.96e-01 C8
446559125     0.00e+00 3.85e-293 5.34e-11 1.09e-43  5.66e-72 4.31e-05  4.07e-03  9.96e-01 C8
488121484     0.00e+00 7.62e-293 5.52e-11 1.29e-43  8.17e-72 4.45e-05  4.28e-03  9.96e-01 C8
446559528     0.00e+00 7.62e-293 5.52e-11 1.29e-43  8.17e-72 4.45e-05  4.28e-03  9.96e-01 C8
488013956     0.00e+00 5.91e-292 6.14e-11 2.11e-43  2.45e-71 4.89e-05  4.97e-03  9.95e-01 C8
*1025842734   0.00e+00 2.31e-291 6.60e-11 2.95e-43  5.11e-71 5.21e-05  5.50e-03  9.94e-01 C8
488118317     0.00e+00 1.28e-290 7.24e-11 4.48e-43  1.28e-70 5.66e-05  6.24e-03  9.94e-01 C8
490534137     0.00e+00 1.28e-290 7.24e-11 4.48e-43  1.28e-70 5.66e-05  6.24e-03  9.94e-01 C8
*657861527    0.00e+00 1.80e-290 7.38e-11 4.87e-43  1.54e-70 5.76e-05  6.39e-03  9.94e-01 C8
489324074     0.00e+00 1.80e-290 7.38e-11 4.87e-43  1.54e-70 5.76e-05  6.39e-03  9.94e-01 C8
488090259     0.00e+00 3.56e-290 7.66e-11 5.77e-43  2.22e-70 5.95e-05  6.72e-03  9.93e-01 C8
446559527     0.00e+00 3.56e-290 7.66e-11 5.77e-43  2.22e-70 5.95e-05  6.72e-03  9.93e-01 C8
446559935     0.00e+00 7.04e-290 7.96e-11 6.82e-43  3.20e-70 6.16e-05  7.07e-03  9.93e-01 C8
*736669700    0.00e+00 2.76e-289 8.60e-11 9.55e-43  6.66e-70 6.60e-05  7.81e-03  9.92e-01 C8
*1020113157   0.00e+00 7.69e-289 9.13e-11 1.23e-42  1.16e-69 6.96e-05  8.42e-03  9.92e-01 C8
446559525     0.00e+00 1.08e-288 9.31e-11 1.34e-42  1.39e-69 7.08e-05  8.64e-03  9.91e-01 C8
*502849100    0.00e+00 1.52e-288 9.50e-11 1.46e-42  1.67e-69 7.21e-05  8.86e-03  9.91e-01 C8
488076253     0.00e+00 8.41e-288 1.05e-10 2.23e-42  4.17e-69 7.89e-05  1.00e-02  9.90e-01 C8
446211564     0.00e+00 8.41e-288 1.05e-10 2.23e-42  4.17e-69 7.89e-05  1.00e-02  9.90e-01 C8
488094318     0.00e+00 1.18e-287 1.07e-10 2.42e-42  5.01e-69 8.03e-05  1.03e-02  9.90e-01 C8
446419982     0.00e+00 1.18e-287 1.07e-10 2.42e-42  5.01e-69 8.03e-05  1.03e-02  9.90e-01 C8
*983300462    0.00e+00 1.67e-287 1.09e-10 2.64e-42  6.01e-69 8.18e-05  1.05e-02  9.89e-01 C8
*515816680    0.00e+00 1.67e-287 1.09e-10 2.64e-42  6.01e-69 8.18e-05  1.05e-02  9.89e-01 C8
*1016514644   0.00e+00 1.82e-286 1.27e-10 4.80e-42  2.17e-68 9.33e-05  1.26e-02  9.87e-01 C8
446211565     0.00e+00 1.82e-286 1.27e-10 4.80e-42  2.17e-68 9.33e-05  1.26e-02  9.87e-01 C8
488038715     0.00e+00 3.61e-286 1.32e-10 5.69e-42  3.13e-68 9.69e-05  1.32e-02  9.87e-01 C8
*755111301    0.00e+00 3.61e-286 1.32e-10 5.69e-42  3.13e-68 9.69e-05  1.32e-02  9.87e-01 C8
487939821     0.00e+00 7.15e-286 1.38e-10 6.75e-42  4.51e-68 1.01e-04  1.39e-02  9.86e-01 C8
489280039     0.00e+00 1.01e-285 1.41e-10 7.36e-42  5.42e-68 1.03e-04  1.42e-02  9.86e-01 C8
*1028102389   0.00e+00 1.42e-285 1.44e-10 8.02e-42  6.51e-68 1.05e-04  1.46e-02  9.85e-01 C8
*1033154533   0.00e+00 1.42e-285 1.44e-10 8.02e-42  6.51e-68 1.05e-04  1.46e-02  9.85e-01 C8
488063283     0.00e+00 1.99e-285 1.47e-10 8.74e-42  7.82e-68 1.07e-04  1.50e-02  9.85e-01 C8
487943050     0.00e+00 1.99e-285 1.47e-10 8.74e-42  7.82e-68 1.07e-04  1.50e-02  9.85e-01 C8
487956705     0.00e+00 1.99e-285 1.47e-10 8.74e-42  7.82e-68 1.07e-04  1.50e-02  9.85e-01 C8
*1027702428   0.00e+00 1.99e-285 1.47e-10 8.74e-42  7.82e-68 1.07e-04  1.50e-02  9.85e-01 C8
446419990     0.00e+00 1.99e-285 1.47e-10 8.74e-42  7.82e-68 1.07e-04  1.50e-02  9.85e-01 C8
446419981     0.00e+00 2.80e-285 1.51e-10 9.52e-42  9.39e-68 1.09e-04  1.53e-02  9.85e-01 C8
446211566     0.00e+00 3.95e-285 1.54e-10 1.04e-41  1.13e-67 1.11e-04  1.57e-02  9.84e-01 C8
446419979     0.00e+00 3.95e-285 1.54e-10 1.04e-41  1.13e-67 1.11e-04  1.57e-02  9.84e-01 C8
446419988     0.00e+00 5.56e-285 1.57e-10 1.13e-41  1.36e-67 1.13e-04  1.61e-02  9.84e-01 C8
446419975     0.00e+00 5.56e-285 1.57e-10 1.13e-41  1.36e-67 1.13e-04  1.61e-02  9.84e-01 C8
446419986     0.00e+00 7.82e-285 1.61e-10 1.23e-41  1.63e-67 1.15e-04  1.65e-02  9.83e-01 C8
488121907     0.00e+00 1.10e-284 1.65e-10 1.34e-41  1.95e-67 1.18e-04  1.69e-02  9.83e-01 C8
446419980     0.00e+00 1.10e-284 1.65e-10 1.34e-41  1.95e-67 1.18e-04  1.69e-02  9.83e-01 C8
*497969614    0.00e+00 1.55e-284 1.68e-10 1.46e-41  2.35e-67 1.20e-04  1.74e-02  9.83e-01 C8
*651588706    0.00e+00 2.18e-284 1.72e-10 1.60e-41  2.82e-67 1.23e-04  1.78e-02  9.82e-01 C8
446559526     0.00e+00 3.07e-284 1.76e-10 1.74e-41  3.39e-67 1.25e-04  1.82e-02  9.82e-01 C8
488097639     0.00e+00 3.07e-284 1.76e-10 1.74e-41  3.39e-67 1.25e-04  1.82e-02  9.82e-01 C8
446172405     0.00e+00 3.07e-284 1.76e-10 1.74e-41  3.39e-67 1.25e-04  1.82e-02  9.82e-01 C8
488100705     0.00e+00 4.32e-284 1.80e-10 1.90e-41  4.07e-67 1.28e-04  1.87e-02  9.81e-01 C8
488115194     0.00e+00 4.32e-284 1.80e-10 1.90e-41  4.07e-67 1.28e-04  1.87e-02  9.81e-01 C8
*501987368    0.00e+00 6.08e-284 1.84e-10 2.07e-41  4.88e-67 1.30e-04  1.92e-02  9.81e-01 C8
446211563     0.00e+00 8.56e-284 1.88e-10 2.26e-41  5.86e-67 1.33e-04  1.96e-02  9.80e-01 C8
*1005574781   0.00e+00 8.56e-284 1.88e-10 2.26e-41  5.86e-67 1.33e-04  1.96e-02  9.80e-01 C8
*493231110    0.00e+00 8.56e-284 1.88e-10 2.26e-41  5.86e-67 1.33e-04  1.96e-02  9.80e-01 C8
489422961     0.00e+00 1.20e-283 1.93e-10 2.46e-41  7.04e-67 1.36e-04  2.01e-02  9.80e-01 C8
488125460     0.00e+00 2.39e-283 2.02e-10 2.92e-41  1.02e-66 1.41e-04  2.12e-02  9.79e-01 C8
489246789     0.00e+00 2.39e-283 2.02e-10 2.92e-41  1.02e-66 1.41e-04  2.12e-02  9.79e-01 C8
*750071699    0.00e+00 3.36e-283 2.06e-10 3.19e-41  1.22e-66 1.44e-04  2.17e-02  9.78e-01 C8
488117119     0.00e+00 4.73e-283 2.11e-10 3.48e-41  1.46e-66 1.47e-04  2.22e-02  9.78e-01 C8
446419987     0.00e+00 6.66e-283 2.16e-10 3.79e-41  1.76e-66 1.50e-04  2.28e-02  9.77e-01 C8
488078825     0.00e+00 6.66e-283 2.16e-10 3.79e-41  1.76e-66 1.50e-04  2.28e-02  9.77e-01 C8
446419983     0.00e+00 1.32e-282 2.27e-10 4.52e-41  2.54e-66 1.57e-04  2.39e-02  9.76e-01 C8
*1024903322   0.00e+00 1.32e-282 2.27e-10 4.52e-41  2.54e-66 1.57e-04  2.39e-02  9.76e-01 C8
488054219     0.00e+00 2.61e-282 2.37e-10 5.37e-41  3.66e-66 1.64e-04  2.51e-02  9.75e-01 C8
*748789039    0.00e+00 5.18e-282 2.49e-10 6.40e-41  5.27e-66 1.71e-04  2.64e-02  9.73e-01 C8
*494143358    0.00e+00 2.03e-281 2.74e-10 9.07e-41  1.10e-65 1.86e-04  2.91e-02  9.71e-01 C8
446419989     0.00e+00 4.03e-281 2.87e-10 1.08e-40  1.58e-65 1.94e-04  3.06e-02  9.69e-01 C8
*922740186    0.00e+00 5.67e-281 2.94e-10 1.18e-40  1.90e-65 1.98e-04  3.14e-02  9.68e-01 C8
446419984     0.00e+00 5.67e-281 2.94e-10 1.18e-40  1.90e-65 1.98e-04  3.14e-02  9.68e-01 C8
446559529     0.00e+00 7.97e-281 3.02e-10 1.29e-40  2.28e-65 2.03e-04  3.21e-02  9.68e-01 C8
*1011869853   0.00e+00 2.22e-280 3.25e-10 1.67e-40  3.94e-65 2.16e-04  3.46e-02  9.65e-01 C8
446419976     0.00e+00 3.13e-280 3.33e-10 1.83e-40  4.72e-65 2.21e-04  3.54e-02  9.64e-01 C8
446419978     0.00e+00 3.13e-280 3.33e-10 1.83e-40  4.72e-65 2.21e-04  3.54e-02  9.64e-01 C8
446419977     0.00e+00 1.73e-279 3.77e-10 2.83e-40  1.18e-64 2.47e-04  4.00e-02  9.60e-01 C8
488131745     0.00e+00 2.43e-279 3.86e-10 3.10e-40  1.41e-64 2.53e-04  4.10e-02  9.59e-01 C8
*850297660    0.00e+00 3.42e-279 3.96e-10 3.38e-40  1.70e-64 2.59e-04  4.20e-02  9.58e-01 C8
*983517049    0.00e+00 6.78e-279 4.17e-10 4.03e-40  2.44e-64 2.71e-04  4.41e-02  9.56e-01 C8
488130373     0.00e+00 1.34e-278 4.38e-10 4.81e-40  3.52e-64 2.83e-04  4.62e-02  9.53e-01 C8
*921059093    0.00e+00 2.07e-277 5.38e-10 9.75e-40  1.51e-63 3.40e-04  5.60e-02  9.44e-01 C8
446211568     0.00e+00 2.07e-277 5.38e-10 9.75e-40  1.51e-63 3.40e-04  5.60e-02  9.44e-01 C8
*518207024    0.00e+00 8.09e-277 5.97e-10 1.39e-39  3.13e-63 3.73e-04  6.16e-02  9.38e-01 C8
*518210035    0.00e+00 3.17e-276 6.64e-10 1.98e-39  6.49e-63 4.10e-04  6.77e-02  9.32e-01 C8
446419985     0.00e+00 2.46e-275 7.78e-10 3.38e-39  1.93e-62 4.73e-04  7.79e-02  9.22e-01 C8
*740409234    0.00e+00 3.46e-275 7.99e-10 3.69e-39  2.31e-62 4.84e-04  7.97e-02  9.20e-01 C8
*516042510    0.00e+00 4.86e-275 8.21e-10 4.03e-39  2.77e-62 4.96e-04  8.16e-02  9.18e-01 C8
446211567     0.00e+00 6.84e-275 8.43e-10 4.41e-39  3.33e-62 5.08e-04  8.35e-02  9.16e-01 C8
*498334594    0.00e+00 1.05e-273 1.05e-09 8.99e-39  1.42e-61 6.16e-04  1.00e-01  8.99e-01 C8
*971997119    0.00e+00 2.91e-273 1.14e-09 1.17e-38  2.44e-61 6.63e-04  1.07e-01  8.92e-01 C8
*494214302    0.00e+00 2.24e-272 1.34e-09 2.00e-38  7.21e-61 7.68e-04  1.23e-01  8.77e-01 C8
*737217690    0.00e+00 3.15e-272 1.38e-09 2.19e-38  8.64e-61 7.87e-04  1.25e-01  8.74e-01 C8
*499564344    0.00e+00 2.43e-271 1.62e-09 3.74e-38  2.55e-60 9.11e-04  1.43e-01  8.56e-01 C8
*923036789    0.00e+00 2.00e-269 2.33e-09 1.19e-37  2.62e-59 1.25e-03  1.88e-01  8.11e-01 C8
*737364004    0.00e+00 5.91e-268 3.07e-09 2.88e-37  1.56e-58 1.60e-03  2.30e-01  7.69e-01 C8
*953331477    0.00e+00 1.63e-267 3.33e-09 3.76e-37  2.66e-58 1.72e-03  2.43e-01  7.55e-01 C8
*498214976    0.00e+00 5.00e-265 5.30e-09 1.67e-36  5.32e-57 2.59e-03  3.30e-01  6.67e-01 C8
*1039433431   0.00e+00 9.78e-265 5.59e-09 1.99e-36  7.55e-57 2.71e-03  3.41e-01  6.56e-01 C8
*973242077    0.00e+00 3.89e-263 7.49e-09 5.15e-36  5.12e-56 3.50e-03  4.06e-01  5.91e-01 C8
*751270639    0.00e+00 1.52e-261 9.95e-09 1.32e-35  3.41e-55 4.48e-03  4.73e-01  5.22e-01 C8
*651555537    0.00e+00 1.58e-258 1.68e-08 7.73e-35  1.20e-53 6.98e-03  6.02e-01  3.91e-01 C7
*648595514    0.00e+00 8.21e-258 1.89e-08 1.17e-34  2.79e-53 7.73e-03  6.31e-01  3.61e-01 C7
*504180436    0.00e+00 1.14e-257 1.94e-08 1.27e-34  3.29e-53 7.89e-03  6.37e-01  3.55e-01 C7
*755610390    0.00e+00 8.17e-257 2.23e-08 2.08e-34  8.96e-53 8.88e-03  6.70e-01  3.21e-01 C7
*754861020    0.00e+00 4.20e-256 2.51e-08 3.14e-34  2.05e-52 9.80e-03  6.96e-01  2.94e-01 C7
*1035728685   0.00e+00 2.11e-254 3.31e-08 8.34e-34  1.48e-51 1.23e-02  7.53e-01  2.35e-01 C7
*736636340    0.00e+00 5.30e-252 4.88e-08 3.29e-33  2.38e-50 1.70e-02  8.17e-01  1.66e-01 C7
*647407943    0.00e+00 6.24e-248 9.46e-08 3.37e-32  2.54e-48 2.91e-02  8.84e-01  8.64e-02 C7
*843081652   3.36e-321 1.84e-243 2.03e-07 4.40e-31  4.12e-46 5.42e-02  9.06e-01  3.95e-02 C7
*740691438   1.10e-320 4.83e-243 2.18e-07 5.60e-31  6.63e-46 5.75e-02  9.06e-01  3.66e-02 C7
488638901    5.70e-274 1.80e-205 1.96e-05 1.58e-22  5.68e-29 9.99e-01  1.23e-03  3.44e-08 C6
488630754    3.29e-273 7.31e-205 2.03e-05 2.08e-22  9.99e-29 9.99e-01  9.76e-04  2.42e-08 C6
487974513    8.89e-271 6.36e-203 2.27e-05 4.98e-22  5.97e-28 1.00e+00  4.64e-04  7.66e-09 C6
488645596    1.76e-238 3.40e-177 1.26e-04 4.57e-17  2.68e-18 1.00e+00  1.82e-09  1.20e-16 C6
491452168    9.11e-235 3.06e-174 1.58e-04 1.66e-16  2.84e-17 1.00e+00  3.15e-10  1.07e-17 C6
490062078    3.03e-229 7.51e-170 2.25e-04 1.13e-15  8.77e-16 1.00e+00  2.02e-11  2.57e-19 C6
491304822    2.12e-228 3.52e-169 2.38e-04 1.51e-15  1.47e-15 1.00e+00  1.31e-11  1.43e-19 C6
489149045    4.60e-219 9.23e-162 4.50e-04 3.74e-14  3.76e-13 1.00e+00  8.31e-14  1.67e-22 C6
489395558    4.91e-201 1.86e-147 1.76e-03 1.67e-11  7.11e-09 9.98e-01  1.12e-18  7.89e-29 C6
446559123    1.23e-200 3.85e-147 1.82e-03 1.91e-11  8.72e-09 9.98e-01  8.58e-19  5.58e-29 C6
491298954    9.88e-186 2.45e-135 6.53e-03 2.67e-09  1.14e-05 9.93e-01  1.63e-23  5.96e-35 C6
491460487    5.12e-167 1.50e-120 3.84e-02 1.09e-06  2.32e-02 9.38e-01  1.88e-30  1.60e-43 C6
490050137    6.56e-153 1.49e-109 4.81e-02 2.79e-05  7.21e-01 2.31e-01  2.39e-37  9.36e-52 C5
488076503    6.87e-149 1.75e-106 2.91e-02 3.98e-05  8.88e-01 8.24e-02  7.20e-40  1.08e-54 C5
490001828    2.54e-147 2.73e-105 2.37e-02 4.49e-05  9.22e-01 5.42e-02  6.95e-41  7.13e-56 C5
489505800    1.07e-146 8.19e-105 2.19e-02 4.71e-05  9.32e-01 4.60e-02  2.72e-41  2.40e-56 C5
490015813    7.27e-146 3.53e-104 1.97e-02 5.03e-05  9.43e-01 3.69e-02  7.75e-42  5.58e-57 C5
491127245    6.27e-145 1.83e-103 1.76e-02 5.43e-05  9.53e-01 2.90e-02  1.88e-42  1.08e-57 C5
488440239    1.95e-139  2.87e-99 1.02e-02 9.20e-05  9.82e-01 7.78e-03  4.40e-46  6.63e-62 C5
490254416    3.14e-139  4.13e-99 1.01e-02 9.42e-05  9.82e-01 7.44e-03  3.21e-46  4.60e-62 C5
490303915    2.48e-136  6.86e-97 8.39e-03 1.33e-04  9.87e-01 4.08e-03  3.83e-48  2.71e-64 C5
488371123    5.48e-132  1.49e-93 7.29e-03 2.48e-04  9.91e-01 1.87e-03  4.98e-51  1.22e-67 C5
446656274    6.95e-132  1.79e-93 7.28e-03 2.52e-04  9.91e-01 1.84e-03  4.25e-51  1.01e-67 C5
488416490    4.67e-131  7.76e-93 7.23e-03 2.87e-04  9.91e-01 1.62e-03  1.20e-51  2.34e-68 C5
446655927    3.14e-130  3.37e-92 7.22e-03 3.29e-04  9.91e-01 1.43e-03  3.38e-52  5.38e-69 C5
446656276    8.14e-130  7.02e-92 7.23e-03 3.52e-04  9.91e-01 1.34e-03  1.79e-52  2.58e-69 C5
446656279    1.31e-129  1.01e-91 7.24e-03 3.65e-04  9.91e-01 1.30e-03  1.31e-52  1.79e-69 C5
446656275    1.31e-129  1.01e-91 7.24e-03 3.65e-04  9.91e-01 1.30e-03  1.31e-52  1.79e-69 C5
490201371    1.31e-129  1.01e-91 7.24e-03 3.65e-04  9.91e-01 1.30e-03  1.31e-52  1.79e-69 C5
490212698    8.80e-129  4.40e-91 7.31e-03 4.21e-04  9.91e-01 1.16e-03  3.68e-53  4.12e-70 C5
446656277    1.80e-128  7.63e-91 7.35e-03 4.45e-04  9.91e-01 1.11e-03  2.29e-53  2.37e-70 C5
487743006    2.89e-128  1.10e-90 7.38e-03 4.61e-04  9.91e-01 1.08e-03  1.67e-53  1.64e-70 C5
488388545    7.50e-128  2.30e-90 7.44e-03 4.97e-04  9.91e-01 1.03e-03  8.85e-54  7.89e-71 C5
488441985    9.52e-128  2.76e-90 7.46e-03 5.06e-04  9.91e-01 1.01e-03  7.56e-54  6.57e-71 C5
488439146    9.52e-128  2.76e-90 7.46e-03 5.06e-04  9.91e-01 1.01e-03  7.56e-54  6.57e-71 C5
488425840    1.94e-127  4.79e-90 7.52e-03 5.36e-04  9.91e-01 9.75e-04  4.70e-54  3.79e-71 C5
487392207    3.13e-127  6.93e-90 7.56e-03 5.57e-04  9.91e-01 9.51e-04  3.42e-54  2.62e-71 C5
446655939    3.97e-127  8.32e-90 7.59e-03 5.67e-04  9.91e-01 9.39e-04  2.92e-54  2.18e-71 C5
446655943    3.97e-127  8.32e-90 7.59e-03 5.67e-04  9.91e-01 9.39e-04  2.92e-54  2.18e-71 C5
488372651    8.11e-127  1.44e-89 7.66e-03 6.01e-04  9.91e-01 9.04e-04  1.82e-54  1.26e-71 C5
446655937    8.11e-127  1.44e-89 7.66e-03 6.01e-04  9.91e-01 9.04e-04  1.82e-54  1.26e-71 C5
446655940    8.11e-127  1.44e-89 7.66e-03 6.01e-04  9.91e-01 9.04e-04  1.82e-54  1.26e-71 C5
487717241    1.31e-126  2.09e-89 7.71e-03 6.25e-04  9.91e-01 8.82e-04  1.32e-54  8.72e-72 C5
488367486    8.77e-126  9.10e-89 7.96e-03 7.32e-04  9.91e-01 8.02e-04  3.73e-55  2.01e-72 C5
446655926    1.11e-125  1.09e-88 7.99e-03 7.47e-04  9.90e-01 7.93e-04  3.18e-55  1.67e-72 C5
446655935    1.79e-125  1.58e-88 8.06e-03 7.78e-04  9.90e-01 7.75e-04  2.32e-55  1.16e-72 C5
491232822    4.64e-125  3.30e-88 8.22e-03 8.44e-04  9.90e-01 7.41e-04  1.23e-55  5.55e-73 C5
446655941    5.89e-125  3.97e-88 8.26e-03 8.61e-04  9.90e-01 7.33e-04  1.05e-55  4.62e-73 C5
446655929    5.89e-125  3.97e-88 8.26e-03 8.61e-04  9.90e-01 7.33e-04  1.05e-55  4.62e-73 C5
491217865    5.89e-125  3.97e-88 8.26e-03 8.61e-04  9.90e-01 7.33e-04  1.05e-55  4.62e-73 C5
491210569    7.47e-125  4.77e-88 8.30e-03 8.79e-04  9.90e-01 7.25e-04  8.97e-56  3.84e-73 C5
486670957    1.20e-124  6.89e-88 8.38e-03 9.17e-04  9.90e-01 7.10e-04  6.54e-56  2.66e-73 C5
488431324    1.53e-124  8.29e-88 8.43e-03 9.36e-04  9.90e-01 7.02e-04  5.58e-56  2.22e-73 C5
491224096    1.94e-124  9.96e-88 8.48e-03 9.56e-04  9.90e-01 6.95e-04  4.76e-56  1.84e-73 C5
487363212    3.95e-124  1.73e-87 8.62e-03 1.02e-03  9.90e-01 6.74e-04  2.96e-56  1.06e-73 C5
446655928    3.95e-124  1.73e-87 8.62e-03 1.02e-03  9.90e-01 6.74e-04  2.96e-56  1.06e-73 C5
486425466    3.95e-124  1.73e-87 8.62e-03 1.02e-03  9.90e-01 6.74e-04  2.96e-56  1.06e-73 C5
446655925    3.95e-124  1.73e-87 8.62e-03 1.02e-03  9.90e-01 6.74e-04  2.96e-56  1.06e-73 C5
446655930    3.95e-124  1.73e-87 8.62e-03 1.02e-03  9.90e-01 6.74e-04  2.96e-56  1.06e-73 C5
486288970    3.95e-124  1.73e-87 8.62e-03 1.02e-03  9.90e-01 6.74e-04  2.96e-56  1.06e-73 C5
446655923    5.02e-124  2.08e-87 8.67e-03 1.04e-03  9.90e-01 6.67e-04  2.53e-56  8.85e-74 C5
491243848    1.30e-123  4.35e-87 8.88e-03 1.13e-03  9.89e-01 6.41e-04  1.34e-56  4.24e-74 C5
446655936    2.09e-123  6.29e-87 9.00e-03 1.18e-03  9.89e-01 6.29e-04  9.77e-57  2.94e-74 C5
486856733    2.09e-123  6.29e-87 9.00e-03 1.18e-03  9.89e-01 6.29e-04  9.77e-57  2.94e-74 C5
446655924    2.65e-123  7.56e-87 9.05e-03 1.21e-03  9.89e-01 6.23e-04  8.34e-57  2.45e-74 C5
446408228    5.42e-123  1.31e-86 9.24e-03 1.29e-03  9.89e-01 6.06e-04  5.18e-57  1.41e-74 C5
488435836    1.40e-122  2.75e-86 9.50e-03 1.41e-03  9.89e-01 5.84e-04  2.75e-57  6.76e-75 C5
446655922    1.40e-122  2.75e-86 9.50e-03 1.41e-03  9.89e-01 5.84e-04  2.75e-57  6.76e-75 C5
446655932    2.26e-122  3.98e-86 9.64e-03 1.47e-03  9.88e-01 5.74e-04  2.00e-57  4.68e-75 C5
491262172    2.87e-122  4.78e-86 9.71e-03 1.50e-03  9.88e-01 5.69e-04  1.71e-57  3.90e-75 C5
490659050    5.86e-122  8.32e-86 9.93e-03 1.61e-03  9.88e-01 5.54e-04  1.06e-57  2.25e-75 C5
491199222    5.86e-122  8.32e-86 9.93e-03 1.61e-03  9.88e-01 5.54e-04  1.06e-57  2.25e-75 C5
490674264    4.24e-120  2.31e-84 1.16e-02 2.44e-03  9.85e-01 4.83e-04  6.14e-59  8.23e-77 C5
490663207    4.24e-120  2.31e-84 1.16e-02 2.44e-03  9.85e-01 4.83e-04  6.14e-59  8.23e-77 C5
490687083    5.38e-120  2.78e-84 1.17e-02 2.49e-03  9.85e-01 4.80e-04  5.24e-59  6.85e-77 C5
490307601    8.66e-120  4.02e-84 1.19e-02 2.62e-03  9.85e-01 4.74e-04  3.82e-59  4.74e-77 C5
490693553    1.10e-119  4.83e-84 1.20e-02 2.68e-03  9.85e-01 4.70e-04  3.26e-59  3.95e-77 C5
490303077    1.10e-119  4.83e-84 1.20e-02 2.68e-03  9.85e-01 4.70e-04  3.26e-59  3.95e-77 C5
490672408    1.10e-119  4.83e-84 1.20e-02 2.68e-03  9.85e-01 4.70e-04  3.26e-59  3.95e-77 C5
491307788    3.90e-118  7.73e-83 1.41e-02 3.86e-03  9.82e-01 4.31e-04  3.02e-60  2.51e-78 C5
490986766    4.20e-117  4.91e-82 1.58e-02 4.96e-03  9.79e-01 4.10e-04  6.18e-61  3.99e-79 C5
490239566    6.76e-117  7.11e-82 1.62e-02 5.22e-03  9.78e-01 4.06e-04  4.50e-61  2.76e-79 C5
486436156    3.57e-116  2.60e-81 1.76e-02 6.26e-03  9.76e-01 3.95e-04  1.48e-61  7.62e-80 C5
490849647    4.53e-116  3.12e-81 1.79e-02 6.42e-03  9.75e-01 3.93e-04  1.26e-61  6.34e-80 C5
489382757    1.88e-115  9.48e-81 1.93e-02 7.51e-03  9.73e-01 3.85e-04  4.88e-62  2.10e-80 C5
490231781    3.84e-115  1.65e-80 2.01e-02 8.13e-03  9.71e-01 3.82e-04  3.03e-62  1.21e-80 C5
490678668    3.26e-114  8.74e-80 2.28e-02 1.03e-02  9.66e-01 3.73e-04  7.25e-63  2.31e-81 C5
491311838    4.44e-113  6.69e-79 2.69e-02 1.40e-02  9.59e-01 3.65e-04  1.26e-63  3.04e-82 C5
488803998    2.33e-112  2.44e-78 2.99e-02 1.70e-02  9.53e-01 3.61e-04  4.14e-64  8.35e-83 C5
446161736    1.23e-111  8.92e-78 3.35e-02 2.06e-02  9.46e-01 3.59e-04  1.36e-64  2.29e-83 C5
490853828    2.50e-111  1.55e-77 3.51e-02 2.25e-02  9.42e-01 3.58e-04  8.40e-65  1.32e-83 C5
446161735    5.41e-110  1.71e-76 4.36e-02 3.25e-02  9.23e-01 3.57e-04  1.05e-65  1.19e-84 C5
490101861    2.82e-109  6.23e-76 4.92e-02 3.97e-02  9.11e-01 3.57e-04  3.42e-66  3.24e-85 C5
491326176    5.73e-109  1.08e-75 5.19e-02 4.33e-02  9.04e-01 3.58e-04  2.11e-66  1.86e-85 C5
488414742    1.86e-108  2.72e-75 5.66e-02 5.00e-02  8.93e-01 3.58e-04  9.46e-67  7.32e-86 C5
446656056    4.09e-103  3.97e-71 1.38e-01 2.11e-01  6.50e-01 3.49e-04  1.56e-70  3.17e-90 C5
490086770     7.98e-96  1.54e-65 2.23e-01 6.68e-01  1.09e-01 1.40e-04  1.14e-76  3.22e-97 C4
490704088     1.47e-95  2.44e-65 2.22e-01 6.79e-01  9.84e-02 1.32e-04  6.37e-77  1.67e-97 C4
488095345     1.47e-95  2.44e-65 2.22e-01 6.79e-01  9.84e-02 1.32e-04  6.37e-77  1.67e-97 C4
489909397     1.80e-95  2.85e-65 2.22e-01 6.83e-01  9.50e-02 1.30e-04  5.25e-77  1.35e-97 C4
490047622     4.05e-95  5.26e-65 2.20e-01 6.98e-01  8.24e-02 1.19e-04  2.42e-77  5.60e-98 C4
489917040     8.25e-94  5.10e-64 2.10e-01 7.42e-01  4.72e-02 8.69e-05  1.29e-78  2.04e-99 C4
487943160     1.83e-93  9.30e-64 2.07e-01 7.52e-01  4.04e-02 7.97e-05  5.86e-79 8.40e-100 C4
490223159     1.98e-92  5.57e-63 1.98e-01 7.77e-01  2.51e-02 6.10e-05  5.44e-80 5.76e-101 C4
491067208     2.56e-91  3.81e-62 1.88e-01 7.98e-01  1.47e-02 4.54e-05  4.06e-81 3.10e-102 C4
490717510     2.56e-91  3.81e-62 1.88e-01 7.98e-01  1.47e-02 4.54e-05  4.06e-81 3.10e-102 C4
489633151     1.87e-89  9.52e-61 1.71e-01 8.24e-01  5.69e-03 2.74e-05  4.84e-83 2.12e-104 C4
489683561     7.34e-88  1.49e-59 1.58e-01 8.40e-01  2.43e-03 1.77e-05  1.02e-84 2.76e-106 C4
491388529     5.01e-87  6.29e-59 1.52e-01 8.47e-01  1.53e-03 1.41e-05  1.32e-85 2.78e-107 C4
489653374     6.07e-87  7.26e-59 1.51e-01 8.48e-01  1.46e-03 1.38e-05  1.08e-85 2.21e-107 C4
489642132     1.91e-86  1.71e-58 1.48e-01 8.51e-01  1.11e-03 1.20e-05  3.15e-86 5.55e-108 C4
490818305     3.39e-86  2.63e-58 1.46e-01 8.53e-01  9.60e-04 1.12e-05  1.70e-86 2.78e-108 C4
491402857     1.89e-85  9.50e-58 1.41e-01 8.58e-01  6.26e-04 9.17e-06  2.66e-87 3.47e-109 C4
489673783     2.14e-83  3.28e-56 1.30e-01 8.69e-01  1.85e-04 5.23e-06  1.50e-89 1.04e-111 C4
491087125     3.77e-83  5.00e-56 1.29e-01 8.71e-01  1.59e-04 4.90e-06  8.05e-90 5.17e-112 C4
489665167     9.64e-83  1.01e-55 1.27e-01 8.72e-01  1.24e-04 4.38e-06  2.84e-90 1.61e-112 C4
490759186     4.32e-82  3.10e-55 1.25e-01 8.75e-01  8.26e-05 3.67e-06  5.34e-91 2.47e-113 C4
490078826     1.60e-81  8.25e-55 1.23e-01 8.77e-01  5.78e-05 3.15e-06  1.23e-91 4.78e-114 C4
490302154     2.80e-81  1.25e-54 1.22e-01 8.78e-01  4.95e-05 2.95e-06  6.57e-92 2.36e-114 C4
490051280     4.20e-79  5.29e-53 1.15e-01 8.85e-01  1.20e-05 1.64e-06  2.21e-94 4.02e-117 C4
490058596     5.05e-79  6.07e-53 1.15e-01 8.85e-01  1.14e-05 1.61e-06  1.79e-94 3.17e-117 C4
488367743     4.14e-77  1.63e-51 1.11e-01 8.89e-01  3.08e-06 9.68e-07  1.08e-96 1.05e-119 C4
446787697     1.32e-75  2.16e-50 1.09e-01 8.91e-01  1.06e-06 6.51e-07  1.85e-98 1.11e-121 C4
446233387     3.27e-75  4.25e-50 1.09e-01 8.91e-01  8.00e-07 5.87e-07  6.31e-99 3.33e-122 C4
445949202     3.27e-75  4.25e-50 1.09e-01 8.91e-01  8.00e-07 5.87e-07  6.31e-99 3.33e-122 C4
445949207     3.27e-75  4.25e-50 1.09e-01 8.91e-01  8.00e-07 5.87e-07  6.31e-99 3.33e-122 C4
445949208     3.92e-75  4.86e-50 1.09e-01 8.91e-01  7.55e-07 5.75e-07  5.09e-99 2.62e-122 C4
446254521     6.74e-75  7.29e-50 1.09e-01 8.91e-01  6.36e-07 5.41e-07  2.67e-99 1.27e-122 C4
445949205     1.66e-74  1.43e-49 1.09e-01 8.91e-01  4.78e-07 4.88e-07 9.07e-100 3.81e-123 C4
446244357     1.66e-74  1.43e-49 1.09e-01 8.91e-01  4.78e-07 4.88e-07 9.07e-100 3.81e-123 C4
445949195     1.99e-74  1.64e-49 1.08e-01 8.92e-01  4.51e-07 4.78e-07 7.31e-100 3.00e-123 C4
489810083     2.96e-73  1.22e-48 1.08e-01 8.92e-01  1.88e-07 3.53e-07 2.84e-101 7.97e-125 C4
485863087     5.06e-73  1.83e-48 1.08e-01 8.92e-01  1.58e-07 3.32e-07 1.48e-101 3.85e-125 C4
490879160     7.25e-73  2.39e-48 1.08e-01 8.92e-01  1.40e-07 3.19e-07 9.58e-102 2.37e-125 C4
489802779     8.67e-73  2.73e-48 1.08e-01 8.92e-01  1.32e-07 3.13e-07 7.71e-102 1.86e-125 C4
485793725     1.04e-72  3.11e-48 1.08e-01 8.92e-01  1.25e-07 3.06e-07 6.20e-102 1.46e-125 C4
