OBJNUM 133 name  nomult
ATTRIBUTES
  Species Nominal 115862 1305738 1765 1773 1844474 33894
  GC Real 3
  Length Integer
  ANI Positive2 6
  Conservation Positive2 5
DATA
1025758  1765    0.656 4325476
1025778  1765    0.657 4227137
1026978  1773    0.658 4439467
1030618  1773    0.656 4496887
1033678  1773    0.658 4436504
1035568  1773    0.655 4463749
1035668  1773    0.656 4458356
1035708  1773    0.656 4460904
1037638  1773    0.656 4464056
1040878  1773    0.659 4452135
1042838  33894   0.657 4458458
1043038  33894   0.655 4449235
1043098  33894   0.655 4444577
1043158  33894   0.657 4439595
1043178  33894   0.657 4440662
1043198  33894   0.655 4455820
1043278  33894   0.658 4444671
1043378  33894   0.659 4443397
1043398  33894   0.656 4482756
1043418  33894   0.658 4447810
1043558  33894   0.653 4442256
1043578  33894   0.656 4451383
1043598  33894   0.655 4471776
1043618  33894   0.658 4434756
1043658  33894   0.659 4439940
1043678  33894   0.640 4439622
1043698  33894   0.657 4458413
1043738  33894   0.655 4465691
1043818  33894   0.657 4445607
1043838  33894   0.638 4436677
1043958  33894   0.659 4443609
1043978  33894   0.657 4452756
1044298  33894   0.659 4438783
1044338  33894   0.656 4440078
1044418  33894   0.659 4450001
1044498  33894   0.655 4441942
1044778  1773    0.655 4467779
1049158  1773    0.656 4457484
1050978  1773    0.657 4603371
1053138  1773    0.655 4471123
1054438  1773    0.655 4468647
1055358  1773    0.657 4473888
1056478  1773    0.655 4478270
1056998  1773    0.655 4465060
1124018  1765    0.654 4381182
1127658  1773    0.655 4487951
1173748  1765    0.656 4365661
1173778  1765    0.652 4346926
1173788  1765    0.654 4375851
1197608  1765    0.654 4377772
1197618  1765    0.658 4358330
1197658  1765    0.656 4323385
1197678  1765    0.653 4351849
1197698  1765    0.651 4349265
1197718  1765    0.649 4368004
1197738  1765    0.655 4347967
1197778  1765    0.657 4369135
1197798  1765    0.653 4382499
1197818  1765    0.653 4367219
1423428  1773    0.655 4402408
1509198  1773    0.656 4451071
1581858  1765    0.654 4356462
1666638  1765    0.654 4326987
1666658  1765    0.657 4310418
1716158  1765    0.656 4394368
1849978  1765    0.656 4465562
190298   33894   0.654 4488364
1905358  1773    0.654 4302367
1909038  1773    0.657 4403639
1964218  1773    0.651 4350555
2025888  1765    0.653 4340361
2300038  1765    0.656 4424765
2319108  1765    0.656 4359962
2319148  1765    0.656 4361015
2319168  1765    0.656 4347874
2319208  1765    0.656 4332684
2319228  1765    0.656 4356970
2319248  1765    0.656 4391337
2319288  1765    0.656 4372317
2319408  1765    0.656 4371595
2319468  1765    0.656 4376706
2319528  1765    0.656 4338906
2325638  1765    0.656 4418495
2406038  1773    0.656 4410156
2406138  1773    0.657 4452111
2450388  115862  0.653 4341651
2450408  1765    0.659 4301214
2459428  1773    0.654 4403815
2461248  1773    0.657 4440852
2464928  1773    0.654 4413374
2466428  1773    0.657 4436997
2466968  1773    0.658 4405317
2468728  1773    0.656 4408800
2470308  1773    0.657 4405890
2473008  1773    0.648 4355684
2473348  1773    0.655 4345481
2476208  1773    0.653 4366664
2477708  1773    0.652 4363811
2541328  1773    0.651 4333113
2686348  1773    0.653 4385099
2704878  1765    0.655 4290668
2753158  1765    0.656 4425339
3067948  33894   0.656 4549671
315388   1765    0.657 4404766
3272968  1844474 0.655 4400149
3312528  1773    0.657 4403243
335408   1765    0.654 4315009
335828   1765    0.655 4308012
336148   1765    0.653 4324529
3377198  1765    0.656 4401994
3445378  1765    0.657 4276815
3599408  1773    0.657 4451559
3600198  1773    0.655 4459327
3603178  1773    0.655 4465950
3606298  1773    0.655 4451226
3609838  1773    0.655 4455226
363068   33894   0.656 4444181
3761288  1773    0.652 4420208
3763268  1773    0.654 4423370
3959638  115862  0.656 4379024
3965168  1773    0.655 4439533
3966138  1773    0.658 4469518
4127138  1773    0.655 4466677
538028   1773    0.656 4466677
557698   1765    0.656 4431420
566978   1305738 0.656 4320777
773418   1765    0.651 4268657
773448   1765    0.657 4222477
773508   1765    0.648 4066190
842298   1765    0.653 4331558
842318   1765    0.653 4373148
868798   1773    0.656 4466856
965298   1765    0.657 4388240
ANI full
0.000000 0.000642 0.000574 0.000592 0.000571 0.000581 0.000596 0.000591 0.000598 0.000579 0.000521 0.000493 0.000500 0.000502 0.000520 0.000587 0.000500 0.000522 0.000526 0.000506 0.000515 0.000506 0.000596 0.000501 0.000479 0.000502 0.000390 0.000493 0.000507 0.000506 0.000495 0.000506 0.000509 0.000515 0.000521 0.000503 0.000612 0.000594 0.000576 0.000579 0.000574 0.000599 0.000595 0.000594 0.000132 0.000604 0.000146 0.000160 0.000161 0.000117 0.000128 0.000158 0.000134 0.000154 0.000145 0.000160 0.000128 0.000151 0.000118 0.000579 0.000643 0.000154 0.000153 0.000156 0.000156 0.000141 0.000545 0.000723 0.000581 0.000595 0.000175 0.000143 0.000145 0.000145 0.000142 0.000140 0.000145 0.000144 0.000142 0.000144 0.000137 0.000139 0.000211 0.000620 0.000631 0.000301 0.000140 0.000579 0.000578 0.000580 0.000568 0.000579 0.000588 0.000591 0.000579 0.000603 0.000697 0.001228 0.000609 0.000553 0.000140 0.000143 0.000518 0.000143 0.000459 0.000635 0.000182 0.000181 0.000184 0.000153 0.000139 0.000593 0.000583 0.000596 0.000600 0.000586 0.000507 0.000570 0.000580 0.000324 0.000583 0.000587 0.000604 0.000602 0.000140 0.000549 0.000178 0.000177 0.000206 0.000160 0.000152 0.000591 0.000192
0.000642 0.000000 0.000513 0.000576 0.000527 0.000518 0.000547 0.000543 0.000522 0.000525 0.000634 0.000601 0.000616 0.000624 0.000637 0.000599 0.000601 0.000641 0.000637 0.000617 0.000618 0.000629 0.000586 0.000612 0.000611 0.000620 0.000433 0.000593 0.000620 0.000632 0.000620 0.000587 0.000634 0.000632 0.000640 0.000624 0.000536 0.000543 0.000517 0.000519 0.000513 0.000551 0.000534 0.000549 0.000657 0.000543 0.000628 0.000647 0.000658 0.000605 0.000615 0.000639 0.000633 0.000627 0.000638 0.000649 0.000617 0.000640 0.000613 0.000534 0.000604 0.000654 0.000654 0.000658 0.000667 0.000655 0.000671 0.000638 0.000530 0.000592 0.000642 0.000649 0.000642 0.000647 0.000655 0.000651 0.000639 0.000651 0.000659 0.000657 0.000646 0.000652 0.000758 0.000558 0.000587 0.000681 0.000621 0.000510 0.000551 0.000529 0.000540 0.000533 0.000553 0.000549 0.000544 0.000589 0.000659 0.001224 0.000598 0.000515 0.000645 0.000648 0.000630 0.000657 0.000586 0.000588 0.000687 0.000692 0.000702 0.000646 0.000637 0.000523 0.000521 0.000512 0.000535 0.000528 0.000611 0.000536 0.000502 0.000695 0.000507 0.000512 0.000553 0.000540 0.000650 0.000696 0.000642 0.000680 0.000684 0.000642 0.000641 0.000533 0.000739
0.000574 0.000513 0.000000 0.000494 0.000000 0.000031 0.000298 0.000296 0.000033 0.000030 0.000549 0.000528 0.000543 0.000538 0.000557 0.000507 0.000557 0.000559 0.000568 0.000542 0.000554 0.000551 0.000527 0.000540 0.000525 0.000541 0.000363 0.000549 0.000552 0.000551 0.000531 0.000547 0.000548 0.000551 0.000556 0.000539 0.000309 0.000296 0.000295 0.000293 0.000276 0.000487 0.000029 0.000024 0.000586 0.000282 0.000578 0.000582 0.000594 0.000553 0.000556 0.000579 0.000572 0.000573 0.000579 0.000585 0.000560 0.000579 0.000553 0.000055 0.000359 0.000575 0.000575 0.000578 0.000604 0.000591 0.000602 0.000386 0.000295 0.000329 0.000588 0.000589 0.000585 0.000592 0.000579 0.000588 0.000579 0.000591 0.000589 0.000594 0.000589 0.000584 0.000703 0.000328 0.000344 0.000587 0.000551 0.000295 0.000276 0.000292 0.000289 0.000029 0.000299 0.000038 0.000313 0.000326 0.000400 0.000936 0.000516 0.000281 0.000572 0.000588 0.000546 0.000588 0.000523 0.000355 0.000624 0.000643 0.000667 0.000588 0.000575 0.000292 0.000280 0.000291 0.000292 0.000282 0.000548 0.000302 0.000288 0.000618 0.000295 0.000292 0.000297 0.000313 0.000587 0.000635 0.000596 0.000616 0.000639 0.000582 0.000577 0.000304 0.000653
0.000592 0.000576 0.000494 0.000000 0.000493 0.000508 0.000497 0.000498 0.000500 0.000500 0.000571 0.000541 0.000552 0.000554 0.000550 0.000537 0.000566 0.000577 0.000576 0.000549 0.000557 0.000547 0.000534 0.000544 0.000534 0.000556 0.000379 0.000560 0.000569 0.000561 0.000539 0.000566 0.000553 0.000549 0.000573 0.000561 0.000503 0.000495 0.000486 0.000489 0.000489 0.000213 0.000526 0.000524 0.000580 0.000517 0.000588 0.000598 0.000603 0.000567 0.000568 0.000585 0.000575 0.000585 0.000596 0.000597 0.000574 0.000595 0.000560 0.000498 0.000560 0.000599 0.000593 0.000576 0.000615 0.000598 0.000607 0.000616 0.000483 0.000519 0.000611 0.000594 0.000596 0.000595 0.000607 0.000600 0.000592 0.000600 0.000606 0.000610 0.000597 0.000594 0.000712 0.000510 0.000548 0.000586 0.000561 0.000457 0.000495 0.000475 0.000474 0.000490 0.000494 0.000519 0.000500 0.000525 0.000604 0.001150 0.000253 0.000465 0.000576 0.000594 0.000564 0.000603 0.000531 0.000551 0.000643 0.000649 0.000655 0.000600 0.000585 0.000504 0.000478 0.000493 0.000486 0.000486 0.000557 0.000476 0.000476 0.000618 0.000490 0.000497 0.000522 0.000510 0.000600 0.000637 0.000599 0.000607 0.000670 0.000599 0.000600 0.000499 0.000678
0.000571 0.000527 0.000000 0.000493 0.000000 0.000033 0.000297 0.000294 0.000033 0.000031 0.000544 0.000529 0.000537 0.000537 0.000554 0.000516 0.000552 0.000558 0.000560 0.000536 0.000548 0.000543 0.000521 0.000534 0.000521 0.000542 0.000363 0.000551 0.000555 0.000550 0.000525 0.000549 0.000544 0.000552 0.000559 0.000540 0.000310 0.000293 0.000296 0.000290 0.000281 0.000483 0.000032 0.000025 0.000583 0.000277 0.000572 0.000576 0.000592 0.000548 0.000548 0.000575 0.000571 0.000565 0.000576 0.000579 0.000555 0.000573 0.000548 0.000058 0.000353 0.000579 0.000575 0.000580 0.000595 0.000583 0.000593 0.000390 0.000294 0.000323 0.000594 0.000582 0.000582 0.000586 0.000571 0.000588 0.000575 0.000581 0.000585 0.000586 0.000586 0.000580 0.000698 0.000323 0.000341 0.000587 0.000554 0.000288 0.000278 0.000290 0.000283 0.000026 0.000302 0.000039 0.000308 0.000317 0.000399 0.000930 0.000521 0.000284 0.000577 0.000582 0.000545 0.000583 0.000521 0.000352 0.000621 0.000644 0.000667 0.000585 0.000568 0.000296 0.000280 0.000290 0.000287 0.000279 0.000545 0.000305 0.000290 0.000623 0.000295 0.000291 0.000294 0.000311 0.000585 0.000640 0.000603 0.000612 0.000640 0.000576 0.000574 0.000301 0.000657
0.000581 0.000518 0.000031 0.000508 0.000033 0.000000 0.000306 0.000302 0.000038 0.000035 0.000560 0.000545 0.000558 0.000552 0.000566 0.000515 0.000572 0.000586 0.000581 0.000548 0.000569 0.000557 0.000532 0.000545 0.000532 0.000543 0.000371 0.000561 0.000558 0.000575 0.000536 0.000553 0.000562 0.000547 0.000565 0.000546 0.000315 0.000306 0.000309 0.000296 0.000286 0.000497 0.000044 0.000032 0.000584 0.000287 0.000584 0.000591 0.000606 0.000561 0.000560 0.000577 0.000580 0.000576 0.000580 0.000594 0.000571 0.000585 0.000565 0.000052 0.000381 0.000582 0.000577 0.000586 0.000608 0.000584 0.000602 0.000386 0.000291 0.000326 0.000608 0.000592 0.000594 0.000593 0.000582 0.000595 0.000581 0.000589 0.000594 0.000591 0.000589 0.000589 0.000712 0.000328 0.000342 0.000585 0.000552 0.000293 0.000270 0.000293 0.000291 0.000040 0.000310 0.000044 0.000307 0.000324 0.000393 0.000928 0.000512 0.000274 0.000580 0.000591 0.000538 0.000596 0.000537 0.000366 0.000641 0.000652 0.000666 0.000586 0.000572 0.000303 0.000298 0.000300 0.000299 0.000290 0.000566 0.000297 0.000288 0.000640 0.000306 0.000301 0.000313 0.000322 0.000593 0.000632 0.000592 0.000620 0.000646 0.000584 0.000584 0.000307 0.000668
0.000596 0.000547 0.000298 0.000497 0.000297 0.000306 0.000000 0.000000 0.000312 0.000302 0.000551 0.000547 0.000557 0.000554 0.000564 0.000521 0.000562 0.000582 0.000569 0.000540 0.000565 0.000546 0.000523 0.000540 0.000526 0.000555 0.000378 0.000544 0.000568 0.000564 0.000530 0.000551 0.000545 0.000537 0.000562 0.000545 0.000163 0.000000 0.000156 0.000145 0.000173 0.000481 0.000319 0.000308 0.000582 0.000305 0.000579 0.000590 0.000589 0.000549 0.000554 0.000572 0.000566 0.000577 0.000579 0.000578 0.000561 0.000580 0.000554 0.000295 0.000211 0.000581 0.000575 0.000579 0.000607 0.000591 0.000600 0.000412 0.000154 0.000192 0.000589 0.000590 0.000590 0.000574 0.000582 0.000589 0.000585 0.000588 0.000600 0.000598 0.000581 0.000570 0.000714 0.000228 0.000249 0.000590 0.000545 0.000044 0.000291 0.000156 0.000191 0.000305 0.000192 0.000316 0.000172 0.000192 0.000300 0.000829 0.000505 0.000177 0.000572 0.000587 0.000540 0.000600 0.000515 0.000232 0.000631 0.000632 0.000665 0.000591 0.000563 0.000087 0.000171 0.000044 0.000178 0.000176 0.000567 0.000046 0.000087 0.000630 0.000048 0.000043 0.000198 0.000165 0.000598 0.000623 0.000594 0.000580 0.000635 0.000583 0.000581 0.000158 0.000654
0.000591 0.000543 0.000296 0.000498 0.000294 0.000302 0.000000 0.000000 0.000312 0.000301 0.000553 0.000550 0.000561 0.000558 0.000560 0.000525 0.000566 0.000575 0.000575 0.000542 0.000563 0.000551 0.000530 0.000547 0.000531 0.000559 0.000376 0.000547 0.000564 0.000568 0.000533 0.000556 0.000547 0.000541 0.000566 0.000548 0.000165 0.000000 0.000159 0.000147 0.000179 0.000483 0.000319 0.000307 0.000583 0.000304 0.000579 0.000593 0.000590 0.000552 0.000556 0.000572 0.000569 0.000576 0.000577 0.000583 0.000566 0.000580 0.000553 0.000294 0.000213 0.000583 0.000578 0.000577 0.000605 0.000591 0.000607 0.000412 0.000153 0.000190 0.000589 0.000594 0.000592 0.000580 0.000585 0.000588 0.000589 0.000587 0.000601 0.000600 0.000586 0.000571 0.000717 0.000226 0.000246 0.000589 0.000547 0.000044 0.000293 0.000158 0.000191 0.000304 0.000195 0.000317 0.000175 0.000194 0.000301 0.000828 0.000504 0.000177 0.000573 0.000588 0.000542 0.000600 0.000517 0.000233 0.000632 0.000631 0.000661 0.000595 0.000561 0.000090 0.000174 0.000044 0.000184 0.000179 0.000574 0.000046 0.000088 0.000631 0.000047 0.000042 0.000198 0.000168 0.000600 0.000621 0.000594 0.000582 0.000632 0.000585 0.000585 0.000160 0.000659
0.000598 0.000522 0.000033 0.000500 0.000033 0.000038 0.000312 0.000312 0.000000 0.000039 0.000553 0.000544 0.000566 0.000554 0.000570 0.000522 0.000575 0.000567 0.000584 0.000547 0.000574 0.000561 0.000543 0.000554 0.000530 0.000554 0.000370 0.000569 0.000563 0.000575 0.000543 0.000560 0.000564 0.000567 0.000568 0.000554 0.000309 0.000310 0.000304 0.000303 0.000286 0.000504 0.000047 0.000036 0.000591 0.000289 0.000577 0.000587 0.000600 0.000556 0.000556 0.000581 0.000581 0.000581 0.000582 0.000588 0.000569 0.000585 0.000558 0.000063 0.000374 0.000588 0.000590 0.000585 0.000602 0.000588 0.000608 0.000387 0.000300 0.000316 0.000596 0.000584 0.000588 0.000590 0.000580 0.000586 0.000580 0.000596 0.000596 0.000598 0.000591 0.000580 0.000701 0.000338 0.000347 0.000591 0.000551 0.000289 0.000283 0.000295 0.000296 0.000040 0.000307 0.000048 0.000320 0.000338 0.000397 0.000936 0.000511 0.000284 0.000576 0.000583 0.000537 0.000594 0.000548 0.000368 0.000644 0.000642 0.000670 0.000590 0.000570 0.000311 0.000292 0.000298 0.000293 0.000287 0.000575 0.000307 0.000294 0.000632 0.000301 0.000298 0.000318 0.000323 0.000595 0.000639 0.000601 0.000619 0.000632 0.000577 0.000586 0.000314 0.000666
0.000579 0.000525 0.000030 0.000500 0.000031 0.000035 0.000302 0.000301 0.000039 0.000000 0.000552 0.000536 0.000550 0.000539 0.000559 0.000521 0.000546 0.000563 0.000565 0.000539 0.000553 0.000545 0.000530 0.000547 0.000524 0.000543 0.000367 0.000550 0.000559 0.000556 0.000538 0.000543 0.000549 0.000554 0.000562 0.000548 0.000302 0.000301 0.000297 0.000297 0.000278 0.000486 0.000045 0.000029 0.000588 0.000286 0.000576 0.000586 0.000597 0.000554 0.000553 0.000578 0.000577 0.000571 0.000580 0.000586 0.000556 0.000576 0.000556 0.000060 0.000362 0.000579 0.000576 0.000583 0.000605 0.000590 0.000598 0.000390 0.000295 0.000324 0.000605 0.000590 0.000591 0.000599 0.000588 0.000594 0.000585 0.000593 0.000588 0.000586 0.000594 0.000593 0.000689 0.000331 0.000344 0.000591 0.000557 0.000294 0.000275 0.000293 0.000285 0.000040 0.000307 0.000043 0.000316 0.000329 0.000398 0.000942 0.000516 0.000282 0.000584 0.000590 0.000545 0.000590 0.000532 0.000361 0.000636 0.000634 0.000656 0.000588 0.000579 0.000295 0.000280 0.000298 0.000289 0.000281 0.000560 0.000298 0.000293 0.000627 0.000301 0.000295 0.000301 0.000309 0.000587 0.000636 0.000606 0.000625 0.000646 0.000576 0.000576 0.000298 0.000661
0.000521 0.000634 0.000549 0.000571 0.000544 0.000560 0.000551 0.000553 0.000553 0.000552 0.000000 0.000196 0.000201 0.000106 0.000093 0.000550 0.000205 0.000028 0.000034 0.000207 0.000077 0.000075 0.000558 0.000198 0.000192 0.000069 0.000171 0.000204 0.000116 0.000216 0.000195 0.000076 0.000077 0.000070 0.000084 0.000071 0.000552 0.000556 0.000544 0.000533 0.000526 0.000557 0.000571 0.000588 0.000510 0.000565 0.000502 0.000507 0.000517 0.000474 0.000475 0.000506 0.000494 0.000510 0.000502 0.000507 0.000482 0.000509 0.000474 0.000548 0.000623 0.000506 0.000504 0.000502 0.000529 0.000516 0.000000 0.000667 0.000545 0.000582 0.000537 0.000511 0.000520 0.000516 0.000509 0.000513 0.000516 0.000526 0.000514 0.000517 0.000510 0.000506 0.000619 0.000573 0.000596 0.000523 0.000477 0.000533 0.000567 0.000541 0.000522 0.000563 0.000558 0.000585 0.000560 0.000576 0.000645 0.001217 0.000592 0.000506 0.000499 0.000511 0.000066 0.000520 0.000403 0.000599 0.000550 0.000566 0.000574 0.000510 0.000515 0.000553 0.000535 0.000540 0.000534 0.000530 0.000217 0.000536 0.000522 0.000550 0.000548 0.000542 0.000561 0.000562 0.000515 0.000553 0.000518 0.000538 0.000600 0.000506 0.000504 0.000549 0.000573
0.000493 0.000601 0.000528 0.000541 0.000529 0.000545 0.000547 0.000550 0.000544 0.000536 0.000196 0.000000 0.000069 0.000174 0.000192 0.000533 0.000074 0.000192 0.000200 0.000143 0.000189 0.000183 0.000523 0.000091 0.000119 0.000175 0.000205 0.000153 0.000183 0.000078 0.000086 0.000187 0.000184 0.000185 0.000190 0.000182 0.000539 0.000555 0.000526 0.000517 0.000508 0.000532 0.000561 0.000560 0.000494 0.000556 0.000476 0.000487 0.000499 0.000458 0.000460 0.000487 0.000478 0.000477 0.000478 0.000486 0.000463 0.000486 0.000453 0.000526 0.000612 0.000497 0.000483 0.000487 0.000507 0.000499 0.000221 0.000666 0.000520 0.000569 0.000514 0.000490 0.000510 0.000505 0.000504 0.000503 0.000496 0.000499 0.000504 0.000501 0.000500 0.000500 0.000600 0.000557 0.000592 0.000492 0.000458 0.000523 0.000540 0.000527 0.000525 0.000552 0.000521 0.000565 0.000551 0.000571 0.000638 0.001195 0.000568 0.000495 0.000481 0.000488 0.000188 0.000499 0.000398 0.000604 0.000538 0.000540 0.000565 0.000494 0.000498 0.000543 0.000519 0.000540 0.000525 0.000525 0.000081 0.000521 0.000509 0.000534 0.000530 0.000535 0.000540 0.000556 0.000496 0.000527 0.000508 0.000524 0.000553 0.000490 0.000490 0.000544 0.000568
0.000500 0.000616 0.000543 0.000552 0.000537 0.000558 0.000557 0.000561 0.000566 0.000550 0.000201 0.000069 0.000000 0.000186 0.000207 0.000553 0.000053 0.000206 0.000209 0.000157 0.000199 0.000191 0.000540 0.000104 0.000137 0.000187 0.000215 0.000163 0.000191 0.000043 0.000103 0.000199 0.000192 0.000195 0.000206 0.000191 0.000547 0.000563 0.000537 0.000535 0.000522 0.000549 0.000578 0.000567 0.000494 0.000574 0.000485 0.000490 0.000503 0.000465 0.000469 0.000487 0.000486 0.000485 0.000487 0.000496 0.000473 0.000492 0.000464 0.000537 0.000614 0.000499 0.000497 0.000489 0.000517 0.000515 0.000233 0.000663 0.000547 0.000561 0.000522 0.000508 0.000520 0.000515 0.000516 0.000518 0.000508 0.000512 0.000515 0.000510 0.000513 0.000511 0.000614 0.000568 0.000599 0.000497 0.000467 0.000534 0.000541 0.000533 0.000533 0.000560 0.000540 0.000575 0.000553 0.000575 0.000644 0.001190 0.000572 0.000500 0.000485 0.000503 0.000193 0.000510 0.000403 0.000623 0.000548 0.000557 0.000572 0.000500 0.000506 0.000557 0.000533 0.000545 0.000543 0.000536 0.000058 0.000537 0.000531 0.000543 0.000542 0.000545 0.000551 0.000565 0.000512 0.000543 0.000508 0.000534 0.000561 0.000502 0.000493 0.000551 0.000570
0.000502 0.000624 0.000538 0.000554 0.000537 0.000552 0.000554 0.000558 0.000554 0.000539 0.000106 0.000174 0.000186 0.000000 0.000101 0.000550 0.000190 0.000102 0.000097 0.000188 0.000084 0.000086 0.000543 0.000175 0.000172 0.000085 0.000168 0.000194 0.000048 0.000187 0.000172 0.000087 0.000086 0.000082 0.000094 0.000090 0.000543 0.000552 0.000536 0.000525 0.000520 0.000544 0.000567 0.000569 0.000495 0.000551 0.000482 0.000486 0.000501 0.000468 0.000466 0.000489 0.000483 0.000484 0.000490 0.000493 0.000474 0.000498 0.000458 0.000535 0.000613 0.000496 0.000485 0.000498 0.000500 0.000495 0.000121 0.000648 0.000526 0.000569 0.000517 0.000490 0.000510 0.000497 0.000501 0.000504 0.000491 0.000501 0.000498 0.000494 0.000497 0.000499 0.000599 0.000558 0.000589 0.000506 0.000466 0.000526 0.000534 0.000526 0.000518 0.000547 0.000534 0.000567 0.000547 0.000568 0.000636 0.001191 0.000563 0.000495 0.000476 0.000491 0.000091 0.000502 0.000390 0.000614 0.000541 0.000554 0.000541 0.000499 0.000502 0.000555 0.000524 0.000536 0.000529 0.000529 0.000208 0.000518 0.000523 0.000537 0.000540 0.000537 0.000552 0.000556 0.000496 0.000530 0.000510 0.000533 0.000573 0.000501 0.000487 0.000545 0.000570
0.000520 0.000637 0.000557 0.000550 0.000554 0.000566 0.000564 0.000560 0.000570 0.000559 0.000093 0.000192 0.000207 0.000101 0.000000 0.000555 0.000204 0.000079 0.000074 0.000197 0.000054 0.000056 0.000551 0.000194 0.000180 0.000044 0.000158 0.000210 0.000108 0.000214 0.000193 0.000058 0.000055 0.000056 0.000060 0.000058 0.000555 0.000560 0.000548 0.000541 0.000532 0.000557 0.000587 0.000577 0.000501 0.000568 0.000492 0.000503 0.000514 0.000468 0.000473 0.000496 0.000493 0.000496 0.000495 0.000501 0.000477 0.000501 0.000463 0.000556 0.000623 0.000502 0.000506 0.000504 0.000516 0.000507 0.000105 0.000675 0.000546 0.000598 0.000533 0.000506 0.000521 0.000520 0.000512 0.000513 0.000508 0.000515 0.000510 0.000507 0.000507 0.000499 0.000612 0.000572 0.000612 0.000521 0.000474 0.000543 0.000558 0.000544 0.000540 0.000566 0.000548 0.000585 0.000562 0.000580 0.000649 0.001195 0.000585 0.000509 0.000491 0.000502 0.000057 0.000513 0.000408 0.000626 0.000555 0.000564 0.000565 0.000503 0.000507 0.000561 0.000547 0.000546 0.000546 0.000541 0.000212 0.000539 0.000536 0.000541 0.000550 0.000550 0.000564 0.000568 0.000510 0.000542 0.000519 0.000542 0.000616 0.000510 0.000494 0.000555 0.000571
0.000587 0.000599 0.000507 0.000537 0.000516 0.000515 0.000521 0.000525 0.000522 0.000521 0.000550 0.000533 0.000553 0.000550 0.000555 0.000000 0.000540 0.000560 0.000566 0.000547 0.000537 0.000534 0.000045 0.000533 0.000523 0.000533 0.000342 0.000560 0.000542 0.000546 0.000527 0.000549 0.000548 0.000546 0.000560 0.000549 0.000531 0.000504 0.000516 0.000514 0.000483 0.000544 0.000547 0.000527 0.000581 0.000548 0.000585 0.000586 0.000592 0.000556 0.000562 0.000583 0.000574 0.000580 0.000582 0.000585 0.000565 0.000585 0.000557 0.000514 0.000595 0.000595 0.000577 0.000572 0.000605 0.000591 0.000595 0.000631 0.000508 0.000550 0.000608 0.000586 0.000589 0.000591 0.000595 0.000595 0.000596 0.000591 0.000600 0.000601 0.000584 0.000583 0.000694 0.000551 0.000564 0.000581 0.000551 0.000497 0.000508 0.000506 0.000488 0.000526 0.000515 0.000535 0.000519 0.000543 0.000611 0.001140 0.000543 0.000479 0.000574 0.000584 0.000533 0.000593 0.000518 0.000573 0.000642 0.000639 0.000649 0.000597 0.000583 0.000494 0.000513 0.000505 0.000520 0.000507 0.000554 0.000487 0.000484 0.000620 0.000498 0.000508 0.000524 0.000534 0.000593 0.000637 0.000605 0.000611 0.000661 0.000583 0.000582 0.000527 0.000664
0.000500 0.000601 0.000557 0.000566 0.000552 0.000572 0.000562 0.000566 0.000575 0.000546 0.000205 0.000074 0.000053 0.000190 0.000204 0.000540 0.000000 0.000203 0.000203 0.000149 0.000194 0.000190 0.000529 0.000105 0.000132 0.000188 0.000216 0.000159 0.000191 0.000056 0.000105 0.000197 0.000193 0.000196 0.000203 0.000192 0.000541 0.000565 0.000544 0.000528 0.000519 0.000559 0.000578 0.000577 0.000502 0.000571 0.000487 0.000487 0.000501 0.000462 0.000462 0.000486 0.000483 0.000485 0.000486 0.000491 0.000468 0.000496 0.000457 0.000536 0.000611 0.000498 0.000490 0.000496 0.000513 0.000509 0.000224 0.000671 0.000540 0.000563 0.000522 0.000501 0.000520 0.000513 0.000513 0.000515 0.000506 0.000515 0.000520 0.000508 0.000513 0.000503 0.000605 0.000573 0.000600 0.000502 0.000464 0.000548 0.000545 0.000536 0.000530 0.000559 0.000543 0.000582 0.000551 0.000574 0.000652 0.001212 0.000576 0.000509 0.000488 0.000498 0.000196 0.000512 0.000397 0.000602 0.000541 0.000542 0.000566 0.000497 0.000502 0.000557 0.000532 0.000555 0.000538 0.000532 0.000034 0.000536 0.000531 0.000543 0.000559 0.000553 0.000552 0.000559 0.000511 0.000536 0.000516 0.000531 0.000569 0.000495 0.000494 0.000550 0.000566
0.000522 0.000641 0.000559 0.000577 0.000558 0.000586 0.000582 0.000575 0.000567 0.000563 0.000028 0.000192 0.000206 0.000102 0.000079 0.000560 0.000203 0.000000 0.000035 0.000197 0.000073 0.000065 0.000554 0.000197 0.000171 0.000066 0.000165 0.000207 0.000104 0.000205 0.000192 0.000069 0.000069 0.000072 0.000084 0.000075 0.000561 0.000576 0.000558 0.000546 0.000537 0.000564 0.000582 0.000576 0.000508 0.000581 0.000500 0.000503 0.000520 0.000478 0.000480 0.000506 0.000500 0.000501 0.000508 0.000512 0.000486 0.000506 0.000471 0.000553 0.000638 0.000513 0.000501 0.000510 0.000537 0.000525 0.000033 0.000672 0.000561 0.000584 0.000538 0.000515 0.000527 0.000517 0.000520 0.000529 0.000513 0.000521 0.000528 0.000518 0.000514 0.000519 0.000625 0.000574 0.000612 0.000517 0.000478 0.000549 0.000559 0.000541 0.000537 0.000565 0.000549 0.000588 0.000573 0.000581 0.000655 0.001207 0.000587 0.000506 0.000494 0.000512 0.000070 0.000525 0.000407 0.000619 0.000560 0.000571 0.000565 0.000512 0.000511 0.000575 0.000553 0.000563 0.000554 0.000550 0.000212 0.000555 0.000536 0.000545 0.000567 0.000561 0.000576 0.000584 0.000524 0.000547 0.000522 0.000544 0.000612 0.000511 0.000503 0.000574 0.000579
0.000526 0.000637 0.000568 0.000576 0.000560 0.000581 0.000569 0.000575 0.000584 0.000565 0.000034 0.000200 0.000209 0.000097 0.000074 0.000566 0.000203 0.000035 0.000000 0.000199 0.000068 0.000067 0.000560 0.000191 0.000175 0.000069 0.000172 0.000200 0.000108 0.000207 0.000189 0.000073 0.000070 0.000072 0.000081 0.000076 0.000564 0.000561 0.000549 0.000546 0.000537 0.000562 0.000590 0.000590 0.000506 0.000586 0.000509 0.000518 0.000529 0.000490 0.000494 0.000508 0.000510 0.000511 0.000514 0.000518 0.000498 0.000522 0.000484 0.000554 0.000620 0.000520 0.000507 0.000514 0.000524 0.000530 0.000047 0.000676 0.000549 0.000577 0.000546 0.000516 0.000537 0.000526 0.000523 0.000528 0.000516 0.000527 0.000532 0.000527 0.000519 0.000520 0.000631 0.000567 0.000617 0.000519 0.000489 0.000546 0.000554 0.000542 0.000543 0.000564 0.000556 0.000588 0.000566 0.000581 0.000661 0.001200 0.000588 0.000511 0.000499 0.000502 0.000067 0.000515 0.000412 0.000611 0.000555 0.000574 0.000576 0.000526 0.000519 0.000573 0.000549 0.000564 0.000553 0.000545 0.000213 0.000552 0.000544 0.000557 0.000554 0.000564 0.000569 0.000581 0.000529 0.000547 0.000531 0.000555 0.000605 0.000514 0.000514 0.000567 0.000572
0.000506 0.000617 0.000542 0.000549 0.000536 0.000548 0.000540 0.000542 0.000547 0.000539 0.000207 0.000143 0.000157 0.000188 0.000197 0.000547 0.000149 0.000197 0.000199 0.000000 0.000197 0.000192 0.000541 0.000148 0.000045 0.000192 0.000215 0.000072 0.000193 0.000158 0.000145 0.000197 0.000196 0.000191 0.000211 0.000195 0.000542 0.000535 0.000539 0.000520 0.000518 0.000551 0.000563 0.000560 0.000488 0.000557 0.000479 0.000482 0.000501 0.000464 0.000464 0.000491 0.000482 0.000475 0.000490 0.000492 0.000472 0.000486 0.000458 0.000534 0.000611 0.000497 0.000491 0.000494 0.000499 0.000498 0.000220 0.000659 0.000523 0.000558 0.000514 0.000497 0.000510 0.000503 0.000508 0.000499 0.000498 0.000503 0.000503 0.000501 0.000500 0.000507 0.000581 0.000561 0.000595 0.000493 0.000458 0.000519 0.000543 0.000528 0.000522 0.000548 0.000532 0.000576 0.000552 0.000579 0.000638 0.001190 0.000577 0.000495 0.000492 0.000494 0.000198 0.000499 0.000395 0.000611 0.000539 0.000549 0.000561 0.000488 0.000500 0.000545 0.000531 0.000541 0.000534 0.000536 0.000160 0.000527 0.000522 0.000538 0.000535 0.000540 0.000558 0.000558 0.000503 0.000534 0.000510 0.000525 0.000553 0.000495 0.000494 0.000548 0.000574
0.000515 0.000618 0.000554 0.000557 0.000548 0.000569 0.000565 0.000563 0.000574 0.000553 0.000077 0.000189 0.000199 0.000084 0.000054 0.000537 0.000194 0.000073 0.000068 0.000197 0.000000 0.000000 0.000541 0.000187 0.000168 0.000050 0.000153 0.000190 0.000095 0.000200 0.000182 0.000051 0.000049 0.000050 0.000056 0.000051 0.000549 0.000553 0.000541 0.000532 0.000528 0.000549 0.000587 0.000565 0.000485 0.000577 0.000484 0.000498 0.000507 0.000469 0.000472 0.000490 0.000491 0.000489 0.000495 0.000497 0.000477 0.000498 0.000465 0.000543 0.000607 0.000496 0.000496 0.000498 0.000510 0.000501 0.000092 0.000654 0.000540 0.000573 0.000516 0.000501 0.000508 0.000510 0.000498 0.000506 0.000495 0.000506 0.000505 0.000510 0.000499 0.000499 0.000611 0.000557 0.000604 0.000507 0.000467 0.000523 0.000538 0.000533 0.000540 0.000555 0.000531 0.000574 0.000549 0.000570 0.000643 0.001194 0.000576 0.000495 0.000480 0.000500 0.000042 0.000503 0.000394 0.000607 0.000541 0.000563 0.000556 0.000493 0.000501 0.000558 0.000550 0.000547 0.000545 0.000534 0.000198 0.000529 0.000528 0.000537 0.000545 0.000548 0.000557 0.000565 0.000499 0.000531 0.000505 0.000528 0.000607 0.000502 0.000487 0.000554 0.000563
0.000506 0.000629 0.000551 0.000547 0.000543 0.000557 0.000546 0.000551 0.000561 0.000545 0.000075 0.000183 0.000191 0.000086 0.000056 0.000534 0.000190 0.000065 0.000067 0.000192 0.000000 0.000000 0.000554 0.000185 0.000173 0.000046 0.000152 0.000194 0.000092 0.000199 0.000181 0.000049 0.000044 0.000048 0.000054 0.000049 0.000542 0.000547 0.000534 0.000523 0.000519 0.000551 0.000566 0.000572 0.000491 0.000564 0.000484 0.000495 0.000504 0.000461 0.000465 0.000485 0.000482 0.000491 0.000490 0.000492 0.000470 0.000496 0.000456 0.000541 0.000613 0.000493 0.000496 0.000495 0.000508 0.000501 0.000091 0.000656 0.000546 0.000576 0.000519 0.000503 0.000511 0.000506 0.000501 0.000499 0.000489 0.000507 0.000514 0.000509 0.000494 0.000503 0.000601 0.000556 0.000595 0.000498 0.000468 0.000512 0.000542 0.000534 0.000524 0.000551 0.000540 0.000576 0.000554 0.000569 0.000641 0.001193 0.000575 0.000497 0.000479 0.000502 0.000042 0.000512 0.000394 0.000602 0.000536 0.000559 0.000552 0.000496 0.000504 0.000552 0.000534 0.000531 0.000537 0.000525 0.000201 0.000526 0.000525 0.000526 0.000533 0.000534 0.000556 0.000562 0.000507 0.000531 0.000506 0.000527 0.000603 0.000497 0.000484 0.000546 0.000566
0.000596 0.000586 0.000527 0.000534 0.000521 0.000532 0.000523 0.000530 0.000543 0.000530 0.000558 0.000523 0.000540 0.000543 0.000551 0.000045 0.000529 0.000554 0.000560 0.000541 0.000541 0.000554 0.000000 0.000529 0.000514 0.000530 0.000349 0.000546 0.000534 0.000540 0.000526 0.000540 0.000543 0.000541 0.000569 0.000540 0.000538 0.000508 0.000521 0.000520 0.000494 0.000532 0.000544 0.000534 0.000572 0.000555 0.000581 0.000581 0.000589 0.000556 0.000562 0.000585 0.000565 0.000576 0.000583 0.000578 0.000556 0.000581 0.000549 0.000515 0.000597 0.000584 0.000588 0.000574 0.000601 0.000587 0.000599 0.000637 0.000517 0.000554 0.000603 0.000590 0.000590 0.000595 0.000592 0.000593 0.000591 0.000590 0.000599 0.000595 0.000583 0.000589 0.000701 0.000553 0.000561 0.000581 0.000544 0.000509 0.000516 0.000509 0.000495 0.000526 0.000523 0.000558 0.000526 0.000548 0.000619 0.001153 0.000538 0.000481 0.000574 0.000585 0.000533 0.000594 0.000519 0.000584 0.000633 0.000633 0.000651 0.000601 0.000585 0.000511 0.000514 0.000522 0.000519 0.000506 0.000543 0.000501 0.000484 0.000613 0.000518 0.000522 0.000531 0.000542 0.000591 0.000634 0.000604 0.000612 0.000643 0.000575 0.000575 0.000532 0.000659
0.000501 0.000612 0.000540 0.000544 0.000534 0.000545 0.000540 0.000547 0.000554 0.000547 0.000198 0.000091 0.000104 0.000175 0.000194 0.000533 0.000105 0.000197 0.000191 0.000148 0.000187 0.000185 0.000529 0.000000 0.000127 0.000184 0.000209 0.000149 0.000178 0.000108 0.000000 0.000183 0.000170 0.000190 0.000192 0.000179 0.000532 0.000547 0.000531 0.000524 0.000515 0.000538 0.000561 0.000562 0.000488 0.000554 0.000480 0.000489 0.000500 0.000462 0.000462 0.000489 0.000482 0.000481 0.000483 0.000488 0.000468 0.000483 0.000452 0.000530 0.000610 0.000494 0.000491 0.000482 0.000510 0.000500 0.000214 0.000665 0.000536 0.000564 0.000517 0.000489 0.000513 0.000500 0.000516 0.000500 0.000504 0.000505 0.000502 0.000498 0.000501 0.000497 0.000592 0.000556 0.000593 0.000497 0.000463 0.000529 0.000528 0.000537 0.000514 0.000545 0.000533 0.000566 0.000551 0.000578 0.000639 0.001193 0.000566 0.000485 0.000482 0.000492 0.000182 0.000498 0.000392 0.000598 0.000539 0.000545 0.000558 0.000490 0.000500 0.000541 0.000521 0.000533 0.000521 0.000523 0.000113 0.000530 0.000515 0.000532 0.000533 0.000530 0.000545 0.000551 0.000498 0.000532 0.000508 0.000528 0.000556 0.000498 0.000484 0.000537 0.000568
0.000479 0.000611 0.000525 0.000534 0.000521 0.000532 0.000526 0.000531 0.000530 0.000524 0.000192 0.000119 0.000137 0.000172 0.000180 0.000523 0.000132 0.000171 0.000175 0.000045 0.000168 0.000173 0.000514 0.000127 0.000000 0.000163 0.000192 0.000059 0.000172 0.000137 0.000127 0.000176 0.000168 0.000171 0.000182 0.000175 0.000520 0.000531 0.000517 0.000509 0.000498 0.000529 0.000546 0.000540 0.000474 0.000537 0.000464 0.000468 0.000485 0.000442 0.000443 0.000469 0.000463 0.000465 0.000473 0.000470 0.000449 0.000475 0.000437 0.000526 0.000602 0.000478 0.000470 0.000472 0.000484 0.000480 0.000205 0.000641 0.000516 0.000543 0.000505 0.000476 0.000497 0.000486 0.000483 0.000485 0.000477 0.000481 0.000488 0.000482 0.000485 0.000485 0.000574 0.000539 0.000581 0.000477 0.000445 0.000513 0.000523 0.000511 0.000505 0.000537 0.000521 0.000552 0.000532 0.000554 0.000628 0.001174 0.000553 0.000479 0.000470 0.000471 0.000178 0.000479 0.000375 0.000588 0.000527 0.000529 0.000544 0.000477 0.000481 0.000530 0.000511 0.000518 0.000516 0.000512 0.000148 0.000514 0.000506 0.000530 0.000521 0.000518 0.000535 0.000545 0.000480 0.000512 0.000498 0.000508 0.000540 0.000480 0.000473 0.000533 0.000554
0.000502 0.000620 0.000541 0.000556 0.000542 0.000543 0.000555 0.000559 0.000554 0.000543 0.000069 0.000175 0.000187 0.000085 0.000044 0.000533 0.000188 0.000066 0.000069 0.000192 0.000050 0.000046 0.000530 0.000184 0.000163 0.000000 0.000149 0.000196 0.000094 0.000196 0.000177 0.000045 0.000039 0.000048 0.000050 0.000046 0.000538 0.000552 0.000535 0.000524 0.000521 0.000544 0.000564 0.000564 0.000495 0.000551 0.000484 0.000493 0.000503 0.000465 0.000469 0.000490 0.000486 0.000485 0.000491 0.000493 0.000470 0.000496 0.000457 0.000534 0.000615 0.000494 0.000499 0.000496 0.000518 0.000504 0.000094 0.000651 0.000528 0.000575 0.000525 0.000494 0.000515 0.000502 0.000502 0.000506 0.000500 0.000504 0.000511 0.000513 0.000503 0.000497 0.000602 0.000561 0.000590 0.000500 0.000464 0.000532 0.000539 0.000530 0.000521 0.000550 0.000536 0.000571 0.000551 0.000568 0.000641 0.001177 0.000572 0.000489 0.000480 0.000495 0.000045 0.000502 0.000393 0.000606 0.000537 0.000545 0.000561 0.000497 0.000498 0.000556 0.000525 0.000546 0.000538 0.000522 0.000204 0.000532 0.000520 0.000533 0.000543 0.000542 0.000553 0.000565 0.000509 0.000533 0.000512 0.000525 0.000599 0.000494 0.000487 0.000549 0.000570
0.000390 0.000433 0.000363 0.000379 0.000363 0.000371 0.000378 0.000376 0.000370 0.000367 0.000171 0.000205 0.000215 0.000168 0.000158 0.000342 0.000216 0.000165 0.000172 0.000215 0.000153 0.000152 0.000349 0.000209 0.000192 0.000149 0.000000 0.000220 0.000168 0.000220 0.000208 0.000152 0.000149 0.000153 0.000163 0.000143 0.000360 0.000374 0.000361 0.000359 0.000338 0.000372 0.000381 0.000377 0.000384 0.000376 0.000375 0.000385 0.000386 0.000347 0.000354 0.000376 0.000360 0.000375 0.000378 0.000380 0.000358 0.000383 0.000346 0.000361 0.000433 0.000380 0.000374 0.000383 0.000400 0.000382 0.000186 0.000473 0.000359 0.000393 0.000397 0.000387 0.000396 0.000395 0.000387 0.000392 0.000380 0.000390 0.000386 0.000387 0.000385 0.000385 0.000482 0.000381 0.000402 0.000374 0.000345 0.000354 0.000354 0.000348 0.000338 0.000376 0.000368 0.000396 0.000372 0.000396 0.000459 0.000990 0.000391 0.000326 0.000370 0.000389 0.000155 0.000391 0.000294 0.000411 0.000420 0.000425 0.000437 0.000385 0.000382 0.000373 0.000354 0.000362 0.000360 0.000357 0.000230 0.000354 0.000349 0.000422 0.000359 0.000366 0.000379 0.000375 0.000392 0.000422 0.000395 0.000403 0.000460 0.000379 0.000376 0.000366 0.000449
0.000493 0.000593 0.000549 0.000560 0.000551 0.000561 0.000544 0.000547 0.000569 0.000550 0.000204 0.000153 0.000163 0.000194 0.000210 0.000560 0.000159 0.000207 0.000200 0.000072 0.000190 0.000194 0.000546 0.000149 0.000059 0.000196 0.000220 0.000000 0.000200 0.000168 0.000146 0.000199 0.000201 0.000197 0.000213 0.000203 0.000547 0.000557 0.000542 0.000532 0.000517 0.000549 0.000577 0.000570 0.000498 0.000557 0.000483 0.000491 0.000501 0.000464 0.000469 0.000500 0.000484 0.000484 0.000491 0.000490 0.000472 0.000492 0.000464 0.000548 0.000603 0.000504 0.000498 0.000499 0.000508 0.000501 0.000225 0.000661 0.000537 0.000566 0.000529 0.000497 0.000510 0.000500 0.000502 0.000504 0.000491 0.000503 0.000503 0.000501 0.000503 0.000500 0.000613 0.000564 0.000604 0.000504 0.000470 0.000538 0.000551 0.000543 0.000535 0.000560 0.000553 0.000583 0.000559 0.000579 0.000651 0.001195 0.000580 0.000509 0.000492 0.000494 0.000204 0.000503 0.000409 0.000623 0.000551 0.000561 0.000564 0.000491 0.000502 0.000551 0.000534 0.000535 0.000537 0.000536 0.000169 0.000546 0.000534 0.000534 0.000534 0.000534 0.000555 0.000555 0.000504 0.000550 0.000513 0.000527 0.000560 0.000501 0.000495 0.000546 0.000566
0.000507 0.000620 0.000552 0.000569 0.000555 0.000558 0.000568 0.000564 0.000563 0.000559 0.000116 0.000183 0.000191 0.000048 0.000108 0.000542 0.000191 0.000104 0.000108 0.000193 0.000095 0.000092 0.000534 0.000178 0.000172 0.000094 0.000168 0.000200 0.000000 0.000187 0.000169 0.000088 0.000089 0.000091 0.000102 0.000095 0.000551 0.000563 0.000543 0.000526 0.000525 0.000549 0.000576 0.000563 0.000493 0.000571 0.000483 0.000491 0.000503 0.000461 0.000470 0.000490 0.000483 0.000485 0.000490 0.000498 0.000472 0.000489 0.000461 0.000538 0.000619 0.000495 0.000491 0.000499 0.000507 0.000503 0.000124 0.000647 0.000530 0.000567 0.000522 0.000490 0.000512 0.000494 0.000504 0.000501 0.000495 0.000504 0.000507 0.000500 0.000489 0.000501 0.000608 0.000564 0.000586 0.000506 0.000471 0.000534 0.000543 0.000535 0.000524 0.000551 0.000548 0.000582 0.000557 0.000578 0.000639 0.001193 0.000572 0.000498 0.000480 0.000491 0.000095 0.000501 0.000395 0.000620 0.000541 0.000559 0.000552 0.000495 0.000506 0.000556 0.000525 0.000549 0.000532 0.000526 0.000200 0.000538 0.000526 0.000542 0.000547 0.000547 0.000552 0.000563 0.000500 0.000541 0.000503 0.000534 0.000591 0.000498 0.000486 0.000552 0.000571
