OBJNUM 30 name  nomult
ATTRIBUTES
  ANI Positive2 6
  Conservation Positive2 5
DATA
1198248 
1303038 
1303888 
1477178 
1506638 
1741368 
1742538 
1800438 
20988   
2289718 
26368   
2734418 
2789508 
2798328 
280208  
286498  
2874048 
2874248 
301848  
3132598 
3235578 
3248858 
325648  
3377288 
3379198 
406978  
707608  
884378  
907588  
9668    
ANI
0.000000 0.430527 0.328274 0.198009 0.309464 0.314068 0.327804 0.303474 0.306023 0.056023 0.191802 0.398601 0.333351 0.173498 0.421265 0.308097 0.317745 0.410689 0.318297 0.299600 0.058146 0.171246 0.303365 0.303835 0.274433 0.312305 0.304923 0.310417 0.174517 0.314764
0.430527 0.000000 0.413132 0.434560 0.413009 0.420077 0.422705 0.417499 0.417414 0.429057 0.426266 0.332055 0.416904 0.425615 0.238706 0.419745 0.406586 0.316797 0.419213 0.424956 0.432386 0.427118 0.418838 0.419191 0.430043 0.422664 0.415778 0.404739 0.430506 0.431860
0.328274 0.413132 0.000000 0.344895 0.291515 0.326702 0.317630 0.291924 0.322007 0.330525 0.332882 0.374406 0.318187 0.325453 0.401244 0.303344 0.327085 0.399990 0.331340 0.289095 0.336180 0.322774 0.289859 0.291961 0.339357 0.324617 0.292113 0.331393 0.305542 0.359572
0.198009 0.434560 0.344895 0.000000 0.315975 0.312159 0.337728 0.311190 0.312704 0.197674 0.177124 0.394911 0.338504 0.160862 0.423077 0.311194 0.322391 0.410960 0.321120 0.308460 0.199951 0.173766 0.310764 0.311827 0.317866 0.317198 0.310497 0.311279 0.164895 0.320894
0.309464 0.413009 0.291515 0.315975 0.000000 0.312306 0.325715 0.223714 0.314247 0.310877 0.312345 0.387012 0.330013 0.297815 0.399213 0.239115 0.314928 0.406506 0.311864 0.242365 0.315283 0.313371 0.242296 0.244003 0.315237 0.317667 0.223272 0.321635 0.302079 0.320440
0.314068 0.420077 0.326702 0.312159 0.312306 0.000000 0.328732 0.301356 0.260792 0.299994 0.305730 0.407599 0.328734 0.300835 0.402996 0.309399 0.266446 0.412554 0.268858 0.302430 0.314570 0.308965 0.306538 0.305649 0.261954 0.268568 0.308447 0.278903 0.299742 0.279668
0.327804 0.422705 0.317630 0.337728 0.325715 0.328732 0.000000 0.318024 0.339966 0.320082 0.327619 0.380724 0.069699 0.323166 0.403605 0.331735 0.337257 0.390852 0.343298 0.302567 0.335892 0.330183 0.320530 0.323618 0.348794 0.346146 0.330365 0.337180 0.325981 0.339938
0.303474 0.417499 0.291924 0.311190 0.223714 0.301356 0.318024 0.000000 0.302490 0.281930 0.300561 0.385167 0.318836 0.295965 0.407828 0.242381 0.304480 0.407617 0.315705 0.225059 0.310260 0.291479 0.234582 0.236850 0.306927 0.307120 0.016182 0.315442 0.294937 0.304625
0.306023 0.417414 0.322007 0.312704 0.314247 0.260792 0.339966 0.302490 0.000000 0.309090 0.308591 0.400155 0.335863 0.303531 0.413701 0.305088 0.267892 0.398672 0.018279 0.308533 0.317720 0.306176 0.306826 0.304661 0.268538 0.014244 0.305079 0.129007 0.306665 0.026920
0.056023 0.429057 0.330525 0.197674 0.310877 0.299994 0.320082 0.281930 0.309090 0.000000 0.186553 0.398132 0.325747 0.172693 0.423263 0.308346 0.318079 0.409431 0.319014 0.275518 0.013427 0.178996 0.296851 0.302854 0.312494 0.314050 0.303001 0.308406 0.169764 0.321470
0.191802 0.426266 0.332882 0.177124 0.312345 0.305730 0.327619 0.300561 0.308591 0.186553 0.000000 0.399262 0.332153 0.158143 0.415099 0.309624 0.316297 0.406107 0.312975 0.295942 0.190263 0.169367 0.303983 0.303158 0.306726 0.310191 0.308280 0.304252 0.159926 0.318198
0.398601 0.332055 0.374406 0.394911 0.387012 0.407599 0.380724 0.385167 0.400155 0.398132 0.399262 0.000000 0.379104 0.391379 0.332821 0.397422 0.410811 0.311957 0.399847 0.383379 0.400404 0.396563 0.386557 0.381506 0.411896 0.405809 0.388571 0.401975 0.396406 0.402194
0.333351 0.416904 0.318187 0.338504 0.330013 0.328734 0.069699 0.318836 0.335863 0.325747 0.332153 0.379104 0.000000 0.326295 0.405929 0.329931 0.339277 0.393120 0.343518 0.317363 0.338601 0.329328 0.321510 0.326190 0.351111 0.339159 0.326087 0.336478 0.325224 0.341541
0.173498 0.425615 0.325453 0.160862 0.297815 0.300835 0.323166 0.295965 0.303531 0.172693 0.158143 0.391379 0.326295 0.000000 0.414359 0.298428 0.312979 0.396339 0.309706 0.293294 0.173988 0.128338 0.296498 0.298336 0.293974 0.303100 0.296001 0.304726 0.094240 0.307216
0.421265 0.238706 0.401244 0.423077 0.399213 0.402996 0.403605 0.407828 0.413701 0.423263 0.415099 0.332821 0.405929 0.414359 0.000000 0.414968 0.392926 0.311010 0.410956 0.417445 0.435337 0.416433 0.406053 0.411195 0.419893 0.411371 0.404306 0.399237 0.417922 0.424428
0.308097 0.419745 0.303344 0.311194 0.239115 0.309399 0.331735 0.242381 0.305088 0.308346 0.309624 0.397422 0.329931 0.298428 0.414968 0.000000 0.314747 0.414359 0.314346 0.214380 0.312427 0.309877 0.214252 0.210464 0.314247 0.313539 0.241067 0.312893 0.302964 0.316704
0.317745 0.406586 0.327085 0.322391 0.314928 0.266446 0.337257 0.304480 0.267892 0.318079 0.316297 0.410811 0.339277 0.312979 0.392926 0.314747 0.000000 0.404717 0.284703 0.314209 0.328899 0.320685 0.311791 0.314581 0.270343 0.281002 0.299337 0.286351 0.316361 0.290067
0.410689 0.316797 0.399990 0.410960 0.406506 0.412554 0.390852 0.407617 0.398672 0.409431 0.406107 0.311957 0.393120 0.396339 0.311010 0.414359 0.404717 0.000000 0.415186 0.410132 0.418885 0.408347 0.407058 0.404496 0.407277 0.405265 0.408502 0.403042 0.407112 0.409835
0.318297 0.419213 0.331340 0.321120 0.311864 0.268858 0.343298 0.315705 0.018279 0.319014 0.312975 0.399847 0.343518 0.309706 0.410956 0.314346 0.284703 0.415186 0.000000 0.314663 0.322883 0.318541 0.312135 0.307642 0.277549 0.017272 0.315718 0.135904 0.312915 0.025810
0.299600 0.424956 0.289095 0.308460 0.242365 0.302430 0.302567 0.225059 0.308533 0.275518 0.295942 0.383379 0.317363 0.293294 0.417445 0.214380 0.314209 0.410132 0.314663 0.000000 0.306083 0.297199 0.083638 0.089454 0.313938 0.317218 0.234402 0.315674 0.291949 0.311379
0.058146 0.432386 0.336180 0.199951 0.315283 0.314570 0.335892 0.310260 0.317720 0.013427 0.190263 0.400404 0.338601 0.173988 0.435337 0.312427 0.328899 0.418885 0.322883 0.306083 0.000000 0.185106 0.308589 0.310391 0.322253 0.321608 0.312230 0.318141 0.172927 0.323856
0.171246 0.427118 0.322774 0.173766 0.313371 0.308965 0.330183 0.291479 0.306176 0.178996 0.169367 0.396563 0.329328 0.128338 0.416433 0.309877 0.320685 0.408347 0.318541 0.297199 0.185106 0.000000 0.304932 0.308867 0.278695 0.311055 0.306924 0.310439 0.132557 0.318319
0.303365 0.418838 0.289859 0.310764 0.242296 0.306538 0.320530 0.234582 0.306826 0.296851 0.303983 0.386557 0.321510 0.296498 0.406053 0.214252 0.311791 0.407058 0.312135 0.083638 0.308589 0.304932 0.000000 0.074090 0.313289 0.315204 0.235216 0.316682 0.300014 0.315961
0.303835 0.419191 0.291961 0.311827 0.244003 0.305649 0.323618 0.236850 0.304661 0.302854 0.303158 0.381506 0.326190 0.298336 0.411195 0.210464 0.314581 0.404496 0.307642 0.089454 0.310391 0.308867 0.074090 0.000000 0.312740 0.312469 0.234292 0.315776 0.301163 0.313584
0.274433 0.430043 0.339357 0.317866 0.315237 0.261954 0.348794 0.306927 0.268538 0.312494 0.306726 0.411896 0.351111 0.293974 0.419893 0.314247 0.270343 0.407277 0.277549 0.313938 0.322253 0.278695 0.313289 0.312740 0.000000 0.278966 0.294257 0.283363 0.309006 0.283617
0.312305 0.422664 0.324617 0.317198 0.317667 0.268568 0.346146 0.307120 0.014244 0.314050 0.310191 0.405809 0.339159 0.303100 0.411371 0.313539 0.281002 0.405265 0.017272 0.317218 0.321608 0.311055 0.315204 0.312469 0.278966 0.000000 0.310615 0.133301 0.311110 0.027778
0.304923 0.415778 0.292113 0.310497 0.223272 0.308447 0.330365 0.016182 0.305079 0.303001 0.308280 0.388571 0.326087 0.296001 0.404306 0.241067 0.299337 0.408502 0.315718 0.234402 0.312230 0.306924 0.235216 0.234292 0.294257 0.310615 0.000000 0.310282 0.295652 0.311137
0.310417 0.404739 0.331393 0.311279 0.321635 0.278903 0.337180 0.315442 0.129007 0.308406 0.304252 0.401975 0.336478 0.304726 0.399237 0.312893 0.286351 0.403042 0.135904 0.315674 0.318141 0.310439 0.316682 0.315776 0.283363 0.133301 0.310282 0.000000 0.311878 0.144262
0.174517 0.430506 0.305542 0.164895 0.302079 0.299742 0.325981 0.294937 0.306665 0.169764 0.159926 0.396406 0.325224 0.094240 0.417922 0.302964 0.316361 0.407112 0.312915 0.291949 0.172927 0.132557 0.300014 0.301163 0.309006 0.311110 0.295652 0.311878 0.000000 0.314075
0.314764 0.431860 0.359572 0.320894 0.320440 0.279668 0.339938 0.304625 0.026920 0.321470 0.318198 0.402194 0.341541 0.307216 0.424428 0.316704 0.290067 0.409835 0.025810 0.311379 0.323856 0.318319 0.315961 0.313584 0.283617 0.027778 0.311137 0.144262 0.314075 0.000000
Conservation
0.00000 2.11512 1.08176 0.44891 0.98499 1.05446 0.95323 1.07898 1.15623 0.34196 0.47956 1.56659 0.92863 0.50712 1.92396 0.95806 1.11659 1.71615 1.12727 0.97751 0.27938 0.43023 1.00155 1.00719 0.92193 1.18584 1.07726 1.28884 0.42888 1.20583
2.11512 0.00000 2.28127 1.99845 2.19640 2.45749 1.97930 2.55681 2.58698 2.09170 2.08807 1.00482 1.88472 1.97097 0.32857 2.34398 2.35535 0.83362 2.57756 2.32005 1.99270 2.15339 2.35384 2.24755 2.57055 2.63883 2.45422 2.60187 1.92236 2.63244
1.08176 2.28127 0.00000 1.04804 1.01399 1.36913 1.22726 1.24306 1.57923 1.06958 1.14986 1.61934 1.16364 1.02648 2.12012 1.01196 1.42587 1.83465 1.48837 1.02555 0.98067 1.14407 1.05810 0.99689 1.41386 1.53642 1.17091 1.59566 0.98031 1.50498
0.44891 1.99845 1.04804 0.00000 0.90306 1.00682 0.94140 1.17884 1.20387 0.45338 0.43577 1.56838 0.88979 0.42611 1.92309 0.90183 1.11933 1.71987 1.20091 0.92122 0.33477 0.48853 0.98419 0.91385 0.98625 1.22900 1.06923 1.21664 0.34707 1.20685
0.98499 2.19640 1.01399 0.90306 0.00000 1.22761 1.24540 0.74085 1.50177 0.99631 1.05942 1.67555 1.17989 0.93347 2.11937 0.61887 1.30489 1.89745 1.44310 0.54856 0.85763 1.07424 0.63384 0.53411 1.27268 1.47151 0.65668 1.40901 0.87336 1.46720
1.05446 2.45749 1.36913 1.00682 1.22761 0.00000 1.27674 1.33106 1.12508 1.02589 1.02352 1.91830 1.29030 1.02786 2.32762 1.17580 0.98960 2.00830 1.05644 1.23965 0.93986 1.10921 1.27693 1.26754 0.87008 1.05507 1.23870 1.01610 1.00819 1.02595
0.95323 1.97930 1.22726 0.94140 1.24540 1.27674 0.00000 1.41858 1.27821 0.94342 0.95476 1.48748 0.22799 0.89830 1.88247 1.21728 1.33981 1.61664 1.27226 1.14922 0.87976 1.00868 1.21428 1.22347 1.28724 1.31049 1.32628 1.42524 0.82689 1.40021
1.07898 2.55681 1.24306 1.17884 0.74085 1.33106 1.41858 0.00000 1.52674 1.08163 1.16360 1.94829 1.40520 1.13630 2.41332 0.85912 1.38744 2.16258 1.54102 0.63885 1.13762 1.05411 0.69179 0.73729 1.25224 1.52753 0.37713 1.61749 1.11677 1.59374
1.15623 2.58698 1.57923 1.20387 1.50177 1.12508 1.27821 1.52674 0.00000 1.15329 1.24203 2.14901 1.36154 1.15382 2.51076 1.39888 1.03945 2.32664 0.27076 1.32893 1.11542 1.25719 1.34727 1.41174 0.96935 0.26168 1.48249 0.54825 1.08321 0.45600
0.34196 2.09170 1.06958 0.45338 0.99631 1.02589 0.94342 1.08163 1.15329 0.00000 0.46497 1.58142 0.90545 0.51542 1.91872 0.97874 1.10395 1.70674 1.15467 0.93362 0.21567 0.45538 0.96517 0.98744 1.01787 1.18464 1.10250 1.30169 0.41490 1.22636
0.47956 2.08807 1.14986 0.43577 1.05942 1.02352 0.95476 1.16360 1.24203 0.46497 0.00000 1.59303 0.95019 0.50644 1.98588 1.00524 1.24859 1.73963 1.21626 1.00184 0.43609 0.50334 1.04850 1.05183 1.03726 1.26155 1.14561 1.37965 0.43001 1.27041
1.56659 1.00482 1.61934 1.56838 1.67555 1.91830 1.48748 1.94829 2.14901 1.58142 1.59303 0.00000 1.41411 1.49084 0.94694 1.71150 2.09127 0.78967 2.09205 1.65750 1.46417 1.66971 1.64428 1.66242 2.05038 2.16732 1.86315 2.24228 1.45057 2.11954
0.92863 1.88472 1.16364 0.88979 1.17989 1.29030 0.22799 1.40520 1.36154 0.90545 0.95019 1.41411 0.00000 0.88904 1.82598 1.14366 1.28241 1.53661 1.28473 1.12139 0.83011 0.98540 1.20550 1.17887 1.30286 1.39498 1.33407 1.41970 0.83908 1.38359
0.50712 1.97097 1.02648 0.42611 0.93347 1.02786 0.89830 1.13630 1.15382 0.51542 0.50644 1.49084 0.88904 0.00000 1.90537 0.93588 1.13939 1.71630 1.12296 0.92698 0.44349 0.50429 0.99196 0.94257 1.01552 1.15956 1.08494 1.22628 0.32992 1.21749
1.92396 0.32857 2.12012 1.92309 2.11937 2.32762 1.88247 2.41332 2.51076 1.91872 1.98588 0.94694 1.82598 1.90537 0.00000 2.13816 2.37182 0.76753 2.44687 2.15439 1.79302 2.02015 2.12216 2.10250 2.37268 2.50956 2.30489 2.59380 1.79324 2.47450
0.95806 2.34398 1.01196 0.90183 0.61887 1.17580 1.21728 0.85912 1.39888 0.97874 1.00524 1.71150 1.14366 0.93588 2.13816 0.00000 1.22306 1.81623 1.31105 0.60955 0.85974 1.01858 0.67962 0.62552 1.19652 1.31859 0.77790 1.33871 0.85926 1.34308
1.11659 2.35535 1.42587 1.11933 1.30489 0.98960 1.33981 1.38744 1.03945 1.10395 1.24859 2.09127 1.28241 1.13939 2.37182 1.22306 0.00000 2.20729 0.96708 1.25701 0.99081 1.20883 1.28944 1.25540 0.87008 1.01201 1.30642 0.95152 1.05597 0.99589
1.71615 0.83362 1.83465 1.71987 1.89745 2.00830 1.61664 2.16258 2.32664 1.70674 1.73963 0.78967 1.53661 1.71630 0.76753 1.81623 2.20729 0.00000 2.28863 1.88014 1.62124 1.78201 1.86316 1.79043 2.30031 2.34571 2.07049 2.36127 1.61238 2.32554
1.12727 2.57756 1.48837 1.20091 1.44310 1.05644 1.27226 1.54102 0.27076 1.15467 1.21626 2.09205 1.28473 1.12296 2.44687 1.31105 0.96708 2.28863 0.00000 1.37323 1.05641 1.20910 1.39060 1.40093 0.97924 0.28659 1.45990 0.55085 1.07458 0.46023
0.97751 2.32005 1.02555 0.92122 0.54856 1.23965 1.14922 0.63885 1.32893 0.93362 1.00184 1.65750 1.12139 0.92698 2.15439 0.60955 1.25701 1.88014 1.37323 0.00000 0.90234 0.99056 0.38646 0.25616 1.24557 1.35663 0.61378 1.39247 0.85454 1.41456
0.27938 1.99270 0.98067 0.33477 0.85763 0.93986 0.87976 1.13762 1.11542 0.21567 0.43609 1.46417 0.83011 0.44349 1.79302 0.85974 0.99081 1.62124 1.05641 0.90234 0.00000 0.46317 0.92301 0.87242 0.95348 1.11656 1.02975 1.19622 0.34107 1.12208
0.43023 2.15339 1.14407 0.48853 1.07424 1.10921 1.00868 1.05411 1.25719 0.45538 0.50334 1.66971 0.98540 0.50429 2.02015 1.01858 1.20883 1.78201 1.20910 0.99056 0.46317 0.00000 1.04186 1.06024 0.96644 1.25884 1.13124 1.37318 0.42699 1.27923
1.00155 2.35384 1.05810 0.98419 0.63384 1.27693 1.21428 0.69179 1.34727 0.96517 1.04850 1.64428 1.20550 0.99196 2.12216 0.67962 1.28944 1.86316 1.39060 0.38646 0.92301 1.04186 0.00000 0.34846 1.25324 1.35517 0.63613 1.42475 0.93180 1.40580
1.00719 2.24755 0.99689 0.91385 0.53411 1.26754 1.22347 0.73729 1.41174 0.98744 1.05183 1.66242 1.17887 0.94257 2.10250 0.62552 1.25540 1.79043 1.40093 0.25616 0.87242 1.06024 0.34846 0.00000 1.26332 1.39506 0.64324 1.38303 0.90247 1.40122
0.92193 2.57055 1.41386 0.98625 1.27268 0.87008 1.28724 1.25224 0.96935 1.01787 1.03726 2.05038 1.30286 1.01552 2.37268 1.19652 0.87008 2.30031 0.97924 1.24557 0.95348 0.96644 1.25324 1.26332 0.00000 0.98644 1.20878 0.97457 0.96493 1.01484
1.18584 2.63883 1.53642 1.22900 1.47151 1.05507 1.31049 1.52753 0.26168 1.18464 1.26155 2.16732 1.39498 1.15956 2.50956 1.31859 1.01201 2.34571 0.28659 1.35663 1.11656 1.25884 1.35517 1.39506 0.98644 0.00000 1.43186 0.57088 1.08866 0.41887
1.07726 2.45422 1.17091 1.06923 0.65668 1.23870 1.32628 0.37713 1.48249 1.10250 1.14561 1.86315 1.33407 1.08494 2.30489 0.77790 1.30642 2.07049 1.45990 0.61378 1.02975 1.13124 0.63613 0.64324 1.20878 1.43186 0.00000 1.50386 1.01796 1.50619
1.28884 2.60187 1.59566 1.21664 1.40901 1.01610 1.42524 1.61749 0.54825 1.30169 1.37965 2.24228 1.41970 1.22628 2.59380 1.33871 0.95152 2.36127 0.55085 1.39247 1.19622 1.37318 1.42475 1.38303 0.97457 0.57088 1.50386 0.00000 1.19166 0.51279
0.42888 1.92236 0.98031 0.34707 0.87336 1.00819 0.82689 1.11677 1.08321 0.41490 0.43001 1.45057 0.83908 0.32992 1.79324 0.85926 1.05597 1.61238 1.07458 0.85454 0.34107 0.42699 0.93180 0.90247 0.96493 1.08866 1.01796 1.19166 0.00000 1.17885
1.20583 2.63244 1.50498 1.20685 1.46720 1.02595 1.40021 1.59374 0.45600 1.22636 1.27041 2.11954 1.38359 1.21749 2.47450 1.34308 0.99589 2.32554 0.46023 1.41456 1.12208 1.27923 1.40580 1.40122 1.01484 0.41887 1.50619 0.51279 1.17885 0.00000
COMMENT
Enterobacter; Enterobacter cloacae complex; Enterobacter cloacae complex 'Hoffmann cluster III'
Pantoea; Pantoea stewartii
Pluralibacter; Pluralibacter gergoviae
Enterobacter; Enterobacter cloacae complex; Enterobacter ludwigii
Raoultella; Raoultella ornithinolytica
Citrobacter; Citrobacter amalonaticus
Cronobacter; Cronobacter sakazakii
Klebsiella; Klebsiella oxytoca
Shigella; Shigella boydii
Enterobacter; Enterobacter cloacae complex; Enterobacter hormaechei
Enterobacter; Enterobacter cloacae complex; Enterobacter cloacae
Pantoea; Pantoea dispersa
Cronobacter; Cronobacter malonaticus
Enterobacter; Enterobacter cloacae complex; Enterobacter asburiae
Pantoea; Pantoea ananatis
Enterobacter; Enterobacter aerogenes
Salmonella; Salmonella enterica
Pantoea; Pantoea agglomerans group; Pantoea agglomerans
Shigella; Shigella flexneri
Klebsiella; Klebsiella quasipneumoniae
Enterobacter; Enterobacter cloacae complex; Enterobacter xiangfangensis
Enterobacter; Enterobacter cloacae complex; Enterobacter kobei
Klebsiella; Klebsiella pneumoniae
Klebsiella; Klebsiella variicola
Citrobacter; Citrobacter freundii
Shigella; Shigella sonnei
Klebsiella; Klebsiella michiganensis
Escherichia; Escherichia albertii
Enterobacter; Enterobacter cloacae complex; Enterobacter cloacae complex 'Hoffmann cluster IV'
Escherichia; Escherichia coli
