ObjNum 9 name nomult
Attributes
  CLS-1015-6 Positive2 6
  CLS-1054-5 Positive2 6
  CLS-1217-5 Positive2 6
  CLS-1509-4 Positive2 6
  CLS-846-6 Positive2 6
  CLS-853-6 Positive2 6
  CLS-880-6 Positive2 6
  CLS-926-6 Positive2 6
  CLS-927-6 Positive2 6
  CLS-990-6 Positive2 6
  COG1484 Positive2 6
  TerL Positive2 6
  pfam01520 Positive2 6
  pfam05272 Positive2 6
  pfam10926 Positive2 6
  pfam10991 Positive2 6
DATA
AFU12937.1
KQY87070.1
KWX79927.1
KZS48114.1
OMD69183.1
OMD92722.1
PEP80696.1
PJN53653.1
SDW30791.1
CLS-1015-6
PARTIAL
   6
KWX79927.1 0.000000 0.650434 0.811101 0.793134 0.880781 0.868590
OMD92722.1 0.650434 0.000000 0.741976 0.725082 0.868754 0.827257
KZS48114.1 0.811101 0.741976 0.000000 0.120083 0.698231 0.684800
PJN53653.1 0.793134 0.725082 0.120083 0.000000 0.679022 0.683071
KQY87070.1 0.880781 0.868754 0.698231 0.679022 0.000000 0.351909
SDW30791.1 0.868590 0.827257 0.684800 0.683071 0.351909 0.000000
CLS-1054-5
PARTIAL
   5
KWX79927.1 0.000000 0.195685 0.710671 0.771834 0.770859
OMD92722.1 0.195685 0.000000 0.718389 0.758229 0.749912
KQY87070.1 0.710671 0.718389 0.000000 0.226416 0.257010
KZS48114.1 0.771834 0.758229 0.226416 0.000000 0.180476
PJN53653.1 0.770859 0.749912 0.257010 0.180476 0.000000
CLS-1217-5
PARTIAL
   4
SDW30791.1 0.000000 0.792983 0.713005 0.685487
KQY87070.1 0.792983 0.000000 0.420499 0.371060
KZS48114.1 0.713005 0.420499 0.000000 0.113704
PJN53653.1 0.685487 0.371060 0.113704 0.000000
CLS-1509-4
PARTIAL
   4
KZS48114.1 0.000000 0.307764 0.826272 0.717035
PJN53653.1 0.307764 0.000000 0.785411 0.679516
SDW30791.1 0.826272 0.785411 0.000000 0.665457
KQY87070.1 0.717035 0.679516 0.665457 0.000000
CLS-846-6
PARTIAL
   6
KWX79927.1 0.000000 0.315768 0.765862 0.713432 0.718399 0.743243
OMD92722.1 0.315768 0.000000 0.791976 0.685789 0.693877 0.791215
KZS48114.1 0.765862 0.791976 0.000000 0.330778 0.263608 0.338549
PJN53653.1 0.713432 0.685789 0.330778 0.000000 0.256028 0.322281
KQY87070.1 0.718399 0.693877 0.263608 0.256028 0.000000 0.253132
SDW30791.1 0.743243 0.791215 0.338549 0.322281 0.253132 0.000000
CLS-853-6
PARTIAL
   6
KWX79927.1 0.000000 0.458889 0.532755 0.572474 0.578427 0.595786
OMD92722.1 0.458889 0.000000 0.638469 0.583457 0.619405 0.628557
SDW30791.1 0.532755 0.638469 0.000000 0.424366 0.490170 0.516599
KQY87070.1 0.572474 0.583457 0.424366 0.000000 0.353560 0.333233
KZS48114.1 0.578427 0.619405 0.490170 0.353560 0.000000 0.059501
PJN53653.1 0.595786 0.628557 0.516599 0.333233 0.059501 0.000000
CLS-880-6
PARTIAL
   6
KWX79927.1 0.000000 0.523462 0.706453 0.731931 0.833453 0.801358
OMD92722.1 0.523462 0.000000 0.726157 0.761606 0.771216 0.726762
KZS48114.1 0.706453 0.726157 0.000000 0.206909 0.597767 0.574182
PJN53653.1 0.731931 0.761606 0.206909 0.000000 0.582162 0.551758
KQY87070.1 0.833453 0.771216 0.597767 0.582162 0.000000 0.312027
SDW30791.1 0.801358 0.726762 0.574182 0.551758 0.312027 0.000000
CLS-926-6
PARTIAL
   6
KWX79927.1 0.000000 0.402009 0.505822 0.503801 0.498604 0.476082
OMD92722.1 0.402009 0.000000 0.571163 0.543021 0.562534 0.552269
PJN53653.1 0.505822 0.571163 0.000000 0.359646 0.381515 0.369363
KZS48114.1 0.503801 0.543021 0.359646 0.000000 0.350328 0.327690
KQY87070.1 0.498604 0.562534 0.381515 0.350328 0.000000 0.147816
SDW30791.1 0.476082 0.552269 0.369363 0.327690 0.147816 0.000000
CLS-927-6
PARTIAL
   6
KWX79927.1 0.000000 0.189155 0.619949 0.683735 0.644174 0.675570
OMD92722.1 0.189155 0.000000 0.690999 0.746425 0.680505 0.703782
KZS48114.1 0.619949 0.690999 0.000000 0.131418 0.480843 0.440477
PJN53653.1 0.683735 0.746425 0.131418 0.000000 0.497777 0.464328
KQY87070.1 0.644174 0.680505 0.480843 0.497777 0.000000 0.154402
SDW30791.1 0.675570 0.703782 0.440477 0.464328 0.154402 0.000000
CLS-990-6
PARTIAL
   6
KWX79927.1 0.000000 0.322372 0.575063 0.566984 0.663189 0.651553
OMD92722.1 0.322372 0.000000 0.610368 0.599897 0.662928 0.677018
KQY87070.1 0.575063 0.610368 0.000000 0.177663 0.367837 0.349883
SDW30791.1 0.566984 0.599897 0.177663 0.000000 0.352241 0.312892
KZS48114.1 0.663189 0.662928 0.367837 0.352241 0.000000 0.164587
PJN53653.1 0.651553 0.677018 0.349883 0.312892 0.164587 0.000000
COG1484
PARTIAL
   4
KWX79927.1 0.000000 1.464930 1.533515 1.496948
OMD92722.1 1.464930 0.000000 1.182786 1.171722
AFU12937.1 1.533515 1.182786 0.000000 0.018638
PEP80696.1 1.496948 1.171722 0.018638 0.000000
TerL
PARTIAL
   9
OMD69183.1 0.000000 0.238675 0.235887 0.783295 0.768287 0.772992 0.738418 0.758167 0.749776
AFU12937.1 0.238675 0.000000 0.031920 0.774727 0.752087 0.759690 0.721873 0.720304 0.735324
PEP80696.1 0.235887 0.031920 0.000000 0.753039 0.736704 0.742578 0.722396 0.702490 0.726035
KZS48114.1 0.783295 0.774727 0.753039 0.000000 0.145576 0.135080 0.250594 0.372017 0.375022
KQY87070.1 0.768287 0.752087 0.736704 0.145576 0.000000 0.102322 0.270439 0.365899 0.375493
SDW30791.1 0.772992 0.759690 0.742578 0.135080 0.102322 0.000000 0.267748 0.368380 0.400103
PJN53653.1 0.738418 0.721873 0.722396 0.250594 0.270439 0.267748 0.000000 0.233091 0.266482
KWX79927.1 0.758167 0.720304 0.702490 0.372017 0.365899 0.368380 0.233091 0.000000 0.184416
OMD92722.1 0.749776 0.735324 0.726035 0.375022 0.375493 0.400103 0.266482 0.184416 0.000000
pfam01520
PARTIAL
   4
KZS48114.1 0.000000 0.652429 1.228683 1.344614
SDW30791.1 0.652429 0.000000 1.441507 1.561671
OMD69183.1 1.228683 1.441507 0.000000 0.997354
OMD92722.1 1.344614 1.561671 0.997354 0.000000
pfam05272
PARTIAL
   4
SDW30791.1 0.000000 0.984177 0.925613 0.932740
KQY87070.1 0.984177 0.000000 0.250679 0.241630
KZS48114.1 0.925613 0.250679 0.000000 0.100105
PJN53653.1 0.932740 0.241630 0.100105 0.000000
pfam10926
PARTIAL
   4
SDW30791.1 0.000000 1.019714 0.919515 0.891186
KQY87070.1 1.019714 0.000000 0.337101 0.340302
KZS48114.1 0.919515 0.337101 0.000000 0.128704
PJN53653.1 0.891186 0.340302 0.128704 0.000000
pfam10991
PARTIAL
   4
SDW30791.1 0.000000 0.911918 0.858087 0.868530
KZS48114.1 0.911918 0.000000 0.245205 0.271426
PJN53653.1 0.858087 0.245205 0.000000 0.299459
KQY87070.1 0.868530 0.271426 0.299459 0.000000
