OBJNUM 32 name  nomult
ATTRIBUTES
  ANI Positive2 4 
  Conservation Positive2 4 
DATA
10008   
1066418 
1104948 
1456348 
1641258 
169728  
1772628 
1781438 
17848   
179838  
183018  
1848878 
1893548 
2304048 
241738  
2547548 
257278  
2690548 
272958  
272978  
272998  
273018  
273838  
27908   
2918038 
353478  
704008  
745978  
752378  
775678  
861248  
972278  
ANI
0.0000 27.9340 inf 36.2162 4.0379 inf 35.2632 4.8361 inf 30.6692 38.2778 inf 4.4357 inf inf 27.1534 inf 4.7161 4.8166 4.8776 7.4738 4.9234 4.7213 4.8104 4.8354 4.7321 inf 38.6329 38.0519 inf 35.7504 inf
27.9340 0.0000 inf 38.3275 27.3122 inf 36.1441 30.8524 inf 30.4010 39.7150 inf 27.5836 inf inf 27.1053 inf 28.7087 24.9583 29.0415 27.3772 29.6347 27.4777 28.9880 27.3509 28.8929 inf 41.1652 41.7843 inf 8.1067 inf
inf inf 0.0000 inf inf inf inf inf inf inf inf inf inf inf inf inf inf inf inf inf inf inf inf inf inf inf inf inf inf inf inf 40.2234
36.2162 38.3275 inf 0.0000 36.0138 inf 38.6170 37.6848 inf 36.7796 43.0744 inf 36.0907 inf inf 37.3525 inf 36.6429 35.1888 36.5226 36.7235 36.6635 36.0262 36.5558 35.9979 36.4262 inf 19.0063 40.2446 inf 40.3140 inf
4.0379 27.3122 inf 36.0138 0.0000 inf 35.0343 4.7543 inf 30.0181 38.0505 inf 4.3378 inf inf 26.5310 inf 4.5781 4.6689 4.8367 7.3819 4.8047 4.6467 4.7364 4.6019 4.6699 inf 38.5053 38.0462 inf 35.4844 inf
inf inf inf inf inf 0.0000 inf inf inf inf inf inf inf inf inf inf inf inf inf inf inf inf inf inf inf inf inf inf inf inf inf inf
35.2632 36.1441 inf 38.6170 35.0343 inf 0.0000 37.2603 inf 37.7441 40.8801 inf 35.1500 inf inf 9.3921 inf 35.6229 34.4268 35.8851 35.1191 36.0129 35.3429 35.8847 35.2169 35.7269 inf 39.2693 28.4246 inf 37.7986 inf
4.8361 30.8524 inf 37.6848 4.7543 inf 37.2603 0.0000 inf 33.6822 39.5002 inf 4.8317 inf inf 29.6781 inf 5.0020 2.4360 2.7099 6.1651 4.8153 4.6883 4.7617 4.6449 4.6174 inf 39.8909 39.1369 inf 37.9390 inf
inf inf inf inf inf inf inf inf 0.0000 inf inf inf inf 4.0721 inf inf inf inf inf inf inf inf inf inf inf inf inf inf inf inf inf inf
30.6692 30.4010 inf 36.7796 30.0181 inf 37.7441 33.6822 inf 0.0000 40.7872 inf 30.4811 inf inf 31.7465 inf 31.4201 28.1126 32.0391 30.8743 32.1091 30.7002 32.0642 29.7217 31.9009 inf 37.7581 40.8273 inf 38.5541 inf
38.2778 39.7150 inf 43.0744 38.0505 inf 40.8801 39.5002 inf 40.7872 0.0000 inf 37.9881 inf inf 39.1239 inf 38.3659 37.1112 38.5845 37.6388 38.4841 37.7916 38.2862 38.0648 38.2337 inf 42.9434 42.2233 inf 43.0551 inf
inf inf inf inf inf inf inf inf inf inf inf 0.0000 inf inf inf inf inf inf inf inf inf inf inf inf inf inf inf inf inf inf inf inf
4.4357 27.5836 inf 36.0907 4.3378 inf 35.1500 4.8317 inf 30.4811 37.9881 inf 0.0000 inf inf 26.5519 inf 4.0962 4.6185 4.7600 6.6838 4.3450 4.3261 4.3598 4.0350 4.3186 inf 38.6012 38.0312 inf 35.6450 inf
inf inf inf inf inf inf inf inf 4.0721 inf inf inf inf 0.0000 inf inf inf inf inf inf inf inf inf inf inf inf inf inf inf inf inf inf
inf inf inf inf inf inf inf inf inf inf inf inf inf inf 0.0000 inf inf inf inf inf inf inf inf inf inf inf inf inf inf inf inf inf
27.1534 27.1053 inf 37.3525 26.5310 inf 9.3921 29.6781 inf 31.7465 39.1239 inf 26.5519 inf inf 0.0000 inf 27.7728 24.2891 28.1606 27.4398 28.5535 26.5694 28.0243 26.5388 27.8221 inf 38.9222 29.0433 inf 36.0429 inf
inf inf inf inf inf inf inf inf inf inf inf inf inf inf inf inf 0.0000 inf inf inf inf inf inf inf inf inf inf inf inf inf inf inf
4.7161 28.7087 inf 36.6429 4.5781 inf 35.6229 5.0020 inf 31.4201 38.3659 inf 4.0962 inf inf 27.7728 inf 0.0000 4.9755 4.9116 7.2278 4.5347 4.5141 4.3938 4.2734 4.3935 inf 38.7407 38.2301 inf 36.1622 inf
4.8166 24.9583 inf 35.1888 4.6689 inf 34.4268 2.4360 inf 28.1126 37.1112 inf 4.6185 inf inf 24.2891 inf 4.9755 0.0000 3.0539 5.9460 4.6612 4.5938 4.5695 4.5586 4.5791 inf 37.8615 38.1186 inf 34.3612 inf
4.8776 29.0415 inf 36.5226 4.8367 inf 35.8851 2.7099 inf 32.0391 38.5845 inf 4.7600 inf inf 28.1606 inf 4.9116 3.0539 0.0000 6.5438 4.6217 4.6133 4.5914 4.5950 4.5801 inf 38.6961 38.1124 inf 36.3140 inf
7.4738 27.3772 inf 36.7235 7.3819 inf 35.1191 6.1651 inf 30.8743 37.6388 inf 6.6838 inf inf 27.4398 inf 7.2278 5.9460 6.5438 0.0000 6.8676 6.7212 6.7649 6.6811 6.8192 inf 38.3700 37.7932 inf 35.3493 inf
4.9234 29.6347 inf 36.6635 4.8047 inf 36.0129 4.8153 inf 32.1091 38.4841 inf 4.3450 inf inf 28.5535 inf 4.5347 4.6612 4.6217 6.8676 0.0000 3.1301 2.5047 4.5872 3.7073 inf 38.7134 38.2886 inf 36.5993 inf
4.7213 27.4777 inf 36.0262 4.6467 inf 35.3429 4.6883 inf 30.7002 37.7916 inf 4.3261 inf inf 26.5694 inf 4.5141 4.5938 4.6133 6.7212 3.1301 0.0000 3.0379 4.4441 3.2351 inf 38.3396 38.1963 inf 35.7441 inf
4.8104 28.9880 inf 36.5558 4.7364 inf 35.8847 4.7617 inf 32.0642 38.2862 inf 4.3598 inf inf 28.0243 inf 4.3938 4.5695 4.5914 6.7649 2.5047 3.0379 0.0000 4.4674 3.1736 inf 38.6893 38.2849 inf 36.4244 inf
4.8354 27.3509 inf 35.9979 4.6019 inf 35.2169 4.6449 inf 29.7217 38.0648 inf 4.0350 inf inf 26.5388 inf 4.2734 4.5586 4.5950 6.6811 4.5872 4.4441 4.4674 0.0000 4.5015 inf 38.5537 38.1442 inf 35.4266 inf
4.7321 28.8929 inf 36.4262 4.6699 inf 35.7269 4.6174 inf 31.9009 38.2337 inf 4.3186 inf inf 27.8221 inf 4.3935 4.5791 4.5801 6.8192 3.7073 3.2351 3.1736 4.5015 0.0000 inf 38.5621 38.2610 inf 36.2042 inf
inf inf inf inf inf inf inf inf inf inf inf inf inf inf inf inf inf inf inf inf inf inf inf inf inf inf 0.0000 inf inf inf inf inf
38.6329 41.1652 inf 19.0063 38.5053 inf 39.2693 39.8909 inf 37.7581 42.9434 inf 38.6012 inf inf 38.9222 inf 38.7407 37.8615 38.6961 38.3700 38.7134 38.3396 38.6893 38.5537 38.5621 inf 0.0000 40.6432 inf 41.6237 inf
38.0519 41.7843 inf 40.2446 38.0462 inf 28.4246 39.1369 inf 40.8273 42.2233 inf 38.0312 inf inf 29.0433 inf 38.2301 38.1186 38.1124 37.7932 38.2886 38.1963 38.2849 38.1442 38.2610 inf 40.6432 0.0000 inf 41.8666 inf
inf inf inf inf inf inf inf inf inf inf inf inf inf inf inf inf inf inf inf inf inf inf inf inf inf inf inf inf inf 0.0000 inf inf
35.7504 8.1067 inf 40.3140 35.4844 inf 37.7986 37.9390 inf 38.5541 43.0551 inf 35.6450 inf inf 36.0429 inf 36.1622 34.3612 36.3140 35.3493 36.5993 35.7441 36.4244 35.4266 36.2042 inf 41.6237 41.8666 inf 0.0000 inf
inf inf 40.2234 inf inf inf inf inf inf inf inf inf inf inf inf inf inf inf inf inf inf inf inf inf inf inf inf inf inf inf inf 0.0000
Conservation
0.0000 24.9257 70.5017 30.0688 0.0442 70.2881 26.8525 2.0097 54.1724 28.4811 34.3632 69.6771 1.5830 56.2417 63.9317 27.6986 56.1607 1.4497 1.6979 1.4709 2.4944 1.3280 2.2813 1.3832 1.4469 1.5480 61.3246 29.1197 28.4432 70.9252 24.9543 66.9384
24.9257 0.0000 65.8762 37.4318 24.8206 80.6593 32.6316 26.3014 60.5634 37.2841 37.7983 78.4770 24.2750 63.0593 71.7671 31.8006 59.0898 24.8250 24.7904 24.8481 25.3507 24.3147 24.8169 24.3012 24.4334 24.0788 73.8863 35.4645 33.4888 67.0578 3.3821 67.0999
70.5017 65.8762 0.0000 71.4223 70.0445 77.8349 70.6437 79.0671 76.0369 72.2968 75.3258 77.2674 70.7326 81.8144 84.5575 65.5971 62.8747 71.1604 68.0591 70.6461 70.4378 71.4951 70.8074 71.1674 69.8111 70.7397 90.2569 78.2804 78.4020 63.9168 71.9457 24.0350
30.0688 37.4318 71.4223 0.0000 29.9581 82.0109 27.6533 31.6601 60.5145 21.0309 36.8264 73.2828 29.5631 62.6092 83.0968 27.3659 59.2641 29.8697 29.8468 29.9222 29.1584 29.9076 30.4418 29.8704 29.5735 29.6607 62.3671 6.6671 25.9953 68.4493 37.2622 75.6643
0.0442 24.8206 70.0445 29.9581 0.0000 69.8608 26.7472 2.0145 53.9567 28.4475 34.2408 69.2620 1.5775 56.0249 65.4629 27.5963 55.8700 1.4330 1.7017 1.4237 2.4359 1.3325 2.2792 1.3376 1.4075 1.5571 61.0420 29.0425 28.3849 70.8133 24.8541 66.5085
70.2881 80.6593 77.8349 82.0109 69.8608 0.0000 80.6201 82.2780 77.2040 79.7456 82.7949 95.3296 76.6518 82.7439 68.2815 76.7181 72.8415 77.5307 69.8748 72.7088 75.0108 77.3796 77.7303 77.0649 76.3655 77.9164 104.3169 78.8153 85.8319 83.7777 78.7657 78.9110
26.8525 32.6316 70.6437 27.6533 26.7472 80.6201 0.0000 27.8111 52.4611 29.2943 37.9514 66.8911 26.3495 53.8875 77.6760 2.9644 52.5373 26.6902 26.2825 26.4261 27.1660 26.2090 26.6832 26.1946 26.1208 25.9753 59.6318 26.1585 9.5895 67.4660 31.7124 74.0842
2.0097 26.3014 79.0671 31.6601 2.0145 82.2780 27.8111 0.0000 59.8566 32.1581 36.0860 76.6977 2.5809 62.2051 71.4299 29.8038 61.4975 2.4910 1.3623 1.5776 3.0129 1.8331 2.6260 1.7706 1.9945 1.8858 68.8247 31.2412 28.8282 81.6194 26.0756 77.2713
54.1724 60.5634 76.0369 60.5145 53.9567 77.2040 52.4611 59.8566 0.0000 58.7436 69.4094 69.5204 53.3931 0.7335 80.8771 50.0980 65.8924 53.9081 54.2627 54.9371 53.9748 55.1187 55.1625 55.1125 53.3573 54.7253 46.0218 61.1779 54.9601 84.6487 66.2604 73.0349
28.4811 37.2841 72.2968 21.0309 28.4475 79.7456 29.2943 32.1581 58.7436 0.0000 32.5397 73.5041 28.7824 61.2942 73.4122 28.3205 61.7346 28.5445 29.8693 30.3837 29.6483 28.7238 29.3972 28.9120 28.3376 28.6857 60.3272 21.8362 29.9955 72.2738 37.6848 74.9015
34.3632 37.7983 75.3258 36.8264 34.2408 82.7949 37.9514 36.0860 69.4094 32.5397 0.0000 79.5599 34.3283 71.9406 91.6957 36.8126 64.7879 34.4735 34.1054 34.1758 34.9411 34.5059 34.9471 34.4735 33.8846 34.2609 66.9065 37.2524 35.1010 70.8221 37.2403 74.1993
69.6771 78.4770 77.2674 73.2828 69.2620 95.3296 66.8911 76.6977 69.5204 73.5041 79.5599 0.0000 68.8025 73.2611 83.5410 64.3730 64.5638 69.4844 67.0826 69.4339 68.9479 69.8392 69.3520 69.6139 68.5687 69.1231 80.8007 72.9033 75.9914 92.5500 80.7856 73.4879
1.5830 24.2750 70.7326 29.5631 1.5775 76.6518 26.3495 2.5809 53.3931 28.7824 34.3283 68.8025 0.0000 55.4621 76.4751 27.4561 56.0632 1.8115 1.9727 2.0082 2.3095 1.7621 2.1577 1.8125 1.3625 1.6091 61.4652 28.7457 28.3112 70.8345 24.5533 67.3178
56.2417 63.0593 81.8144 62.6092 56.0249 82.7439 53.8875 62.2051 0.7335 61.2942 71.9406 73.2611 55.4621 0.0000 90.2714 52.1617 69.5179 55.8671 56.3902 56.9099 55.8032 57.2271 57.2588 57.2297 55.4077 56.8502 46.9960 61.9249 55.2512 85.9457 69.4974 78.5178
63.9317 71.7671 84.5575 83.0968 65.4629 68.2815 77.6760 71.4299 80.8771 73.4122 91.6957 83.5410 76.4751 90.2714 0.0000 71.8766 66.3490 73.3060 64.6789 71.9696 72.9413 69.1343 78.6141 70.7535 73.6128 78.9906 92.2160 85.3667 82.3703 82.6331 73.9036 75.0168
27.6986 31.8006 65.5971 27.3659 27.5963 76.7181 2.9644 29.8038 50.0980 28.3205 36.8126 64.3730 27.4561 52.1617 71.8766 0.0000 50.0848 27.7708 28.1016 27.9426 26.6542 27.5626 28.0551 27.5450 27.3147 27.3247 58.5058 25.8686 8.9393 66.2303 31.5382 69.7259
56.1607 59.0898 62.8747 59.2641 55.8700 72.8415 52.5373 61.4975 65.8924 61.7346 64.7879 64.5638 56.0632 69.5179 66.3490 50.0848 0.0000 56.5340 54.4045 55.3624 55.3586 56.0215 55.9330 55.8557 55.8577 55.5333 74.0541 59.9510 56.3098 52.8820 61.2840 67.9254
1.4497 24.8250 71.1604 29.8697 1.4330 77.5307 26.6902 2.4910 53.9081 28.5445 34.4735 69.4844 1.8115 55.8671 73.3060 27.7708 56.5340 0.0000 2.0302 2.0975 2.3420 1.6491 2.2892 1.7190 1.3275 1.5755 61.6754 29.1298 28.4665 70.1372 24.9294 67.4186
1.6979 24.7904 68.0591 29.8468 1.7017 69.8748 26.2825 1.3623 54.2627 29.8693 34.1054 67.0826 1.9727 56.3902 64.6789 28.1016 54.4045 2.0302 0.0000 2.7039 2.4545 1.2716 1.9200 1.3300 1.5838 1.3328 62.0924 29.7016 27.7128 69.7633 24.4342 65.2335
1.4709 24.8481 70.6461 29.9222 1.4237 72.7088 26.4261 1.5776 54.9371 30.3837 34.1758 69.4339 2.0082 56.9099 71.9696 27.9426 55.3624 2.0975 2.7039 0.0000 2.1920 1.2483 1.9461 1.2142 1.5007 1.2200 63.2484 29.4849 27.9636 70.9867 24.5634 67.7615
2.4944 25.3507 70.4378 29.1584 2.4359 75.0108 27.1660 3.0129 53.9748 29.6483 34.9411 68.9479 2.3095 55.8032 72.9413 26.6542 55.3586 2.3420 2.4545 2.1920 0.0000 2.3267 2.9566 2.3491 2.0733 2.1803 62.5335 29.0106 27.9807 70.6842 24.9947 66.5137
1.3280 24.3147 71.4951 29.9076 1.3325 77.3796 26.2090 1.8331 55.1187 28.7238 34.5059 69.8392 1.7621 57.2271 69.1343 27.5626 56.0215 1.6491 1.2716 1.2483 2.3267 0.0000 0.9221 0.1406 1.1306 4.5011 62.1903 28.9483 27.6442 70.3616 24.6008 68.3913
2.2813 24.8169 70.8074 30.4418 2.2792 77.7303 26.6832 2.6260 55.1625 29.3972 34.9471 69.3520 2.1577 57.2588 78.6141 28.0551 55.9330 2.2892 1.9200 1.9461 2.9566 0.9221 0.0000 0.9776 1.7810 1.9258 62.1360 29.5336 28.2341 70.7846 25.1026 68.3796
1.3832 24.3012 71.1674 29.8704 1.3376 77.0649 26.1946 1.7706 55.1125 28.9120 34.4735 69.6139 1.8125 57.2297 70.7535 27.5450 55.8557 1.7190 1.3300 1.2142 2.3491 0.1406 0.9776 0.0000 1.2217 1.4149 62.0448 28.9632 27.6699 70.3720 24.5907 68.0810
1.4469 24.4334 69.8111 29.5735 1.4075 76.3655 26.1208 1.9945 53.3573 28.3376 33.8846 68.5687 1.3625 55.4077 73.6128 27.3147 55.8577 1.3275 1.5838 1.5007 2.0733 1.1306 1.7810 1.2217 0.0000 1.2205 60.8669 28.6880 27.5742 69.6840 24.7980 67.3351
1.5480 24.0788 70.7397 29.6607 1.5571 77.9164 25.9753 1.8858 54.7253 28.6857 34.2609 69.1231 1.6091 56.8502 78.9906 27.3247 55.5333 1.5755 1.3328 1.2200 2.1803 4.5011 1.9258 1.4149 1.2205 0.0000 61.8040 28.7493 27.4636 69.8904 24.3656 68.3010
61.3246 73.8863 90.2569 62.3671 61.0420 104.3169 59.6318 68.8247 46.0218 60.3272 66.9065 80.8007 61.4652 46.9960 92.2160 58.5058 74.0541 61.6754 62.0924 63.2484 62.5335 62.1903 62.1360 62.0448 60.8669 61.8040 0.0000 61.9596 60.6921 93.9962 75.4823 91.8358
29.1197 35.4645 78.2804 6.6671 29.0425 78.8153 26.1585 31.2412 61.1779 21.8362 37.2524 72.9033 28.7457 61.9249 85.3667 25.8686 59.9510 29.1298 29.7016 29.4849 29.0106 28.9483 29.5336 28.9632 28.6880 28.7493 61.9596 0.0000 25.3628 70.7848 36.3549 74.4457
28.4432 33.4888 78.4020 25.9953 28.3849 85.8319 9.5895 28.8282 54.9601 29.9955 35.1010 75.9914 28.3112 55.2512 82.3703 8.9393 56.3098 28.4665 27.7128 27.9636 27.9807 27.6442 28.2341 27.6699 27.5742 27.4636 60.6921 25.3628 0.0000 67.3544 31.7315 81.3715
70.9252 67.0578 63.9168 68.4493 70.8133 83.7777 67.4660 81.6194 84.6487 72.2738 70.8221 92.5500 70.8345 85.9457 82.6331 66.2303 52.8820 70.1372 69.7633 70.9867 70.6842 70.3616 70.7846 70.3720 69.6840 69.8904 93.9962 70.7848 67.3544 0.0000 67.8804 79.2274
24.9543 3.3821 71.9457 37.2622 24.8541 78.7657 31.7124 26.0756 66.2604 37.6848 37.2403 80.7856 24.5533 69.4974 73.9036 31.5382 61.2840 24.9294 24.4342 24.5634 24.9947 24.6008 25.1026 24.5907 24.7980 24.3656 75.4823 36.3549 31.7315 67.8804 0.0000 69.9041
66.9384 67.0999 24.0350 75.6643 66.5085 78.9110 74.0842 77.2713 73.0349 74.9015 74.1993 73.4879 67.3178 78.5178 75.0168 69.7259 67.9254 67.4186 65.2335 67.7615 66.5137 68.3913 68.3796 68.0810 67.3351 68.3010 91.8358 74.4457 81.3715 79.2274 69.9041 0.0000
Comment
Peptoclostridium difficile 630
[Clostridium] mangenotii LM2
[Clostridium] litorale DSM 5388
Terrisporobacter othiniensis
Peptoclostridium difficile 630, complete genome
[Eubacterium] yurii subsp. m ATCC 43715
Paraclostridium benzoelyticum 
Peptoclostridium difficile BJ08, complete genome
Clostridium botulinum A str. Hall
Intestinibacter bartlettii DSM 16795
[Clostridium] hiranonis DSM 13275
Clostridium aceticum strain DSM 1496
Peptoclostridium difficile ATCC 9689 = DSM 1296, complete genome
Clostridium botulinum ATCC 25763T
Filifactor alocis ATCC 35896
[Clostridium] bifermentans ATCC 638
Clostridium sticklandii str. DSM 519 
Peptoclostridium difficile strain Z31, complete genome
Clostridium difficile M68, complete genome
Clostridium difficile complete genome, strain CF5
Peptoclostridium difficile M120
Clostridium difficile complete genome, strain 2007855
Clostridium difficile BI1 chromosome, complete sequence
Clostridium difficile R20291 complete genome
Peptoclostridium difficile strain 08ACD0030, complete genome
Clostridium difficile CD196 complete genome
Clostridium butyricum DSM 10702
Terrisporobacter glycolicus ATCC 14880 
[Clostridium] sordellii VPI 9048
Proteocatella sphenisci DSM 23131
[Clostridium] mangenotii TR
Eubacterium acidaminophilum DSM 3953
